12,9086
12,7776
12,9763
12,6169
12,6169
12,6169
12,2145
11,6963
12,0502
11,9659
12,1789
12,1789
12,1789
11,9547
12,2615
12,2052
11,9546
12,6838
12,6838
12,6838
12,6027
12,3166
12,0637
12,2786
12,3496
12,3496
12,3496
12,1078
11,8136
11,8827
11,3788
10,9761
10,9761
10,9761
11,3461
10,9563
11,122
11,2657
11,0586
11,0586
11,0586
11,0327
11,0356
11,0508
10,8152
9,8534
9,8534
9,8534
10,6302
10,6087
10,8214
10,9441
10,8582
10,8582
10,8582
11,0576
10,9143
11,2597
11,3533
11,6895
11,6895
11,6895
11,3838
11,4716
11,6585
11,5701
11,797
11,797
11,797
11,5821
12,3634
12,128
12,0129
12,6483
12,6483
12,6483
12,7119
12,571
12,7554
12,8297
12,8552
12,8552
12,8552
13,0105
12,9163
12,8508
13,2635
12,9981
12,9981
12,9981
12,8407
12,8787
12,7358
12,8017
12,6326
12,6326
12,6326
12,8068
12,7991
12,8112
12,9983
13,1627
13,1627
13,1627
13,5523
13,357
13,5115
14,1116
13,089
13,3591
13,3591
13,3689
12,999
12,6539
12,6539
12,6539
12,6539
12,6539
12,6525
12,873
12,7969
12,5135
12,3526
12,3526
12,3526
12,3283
12,4071
12,3023
12,1986
12,1403
12,1403
12,1403
12,0289
12,2653
12,5588
12,3552
12,0737
12,0737
12,0737
12,3367
12,3528
12,5341
12,1613
11,9169
11,9169
11,9169
11,8987
11,8942
11,9944
12,0385
11,9203
11,9203
11,9203
11,9203
12,2532
11,9786
11,9739
11,9374
11,9374
11,9374
11,9374
12,0698
11,6982
11,7035
11,6267
11,6267
11,6267
11,6267
11,6267
11,772
11,5058
11,4636
11,3206
11,3206
11,3254
11,356
11,356
11,2776
11,1594
11,1594
11,1594
10,9147
10,8029
10,7744
10,3969
10,4895
10,4895
10,4895
10,8914
10,8445
10,7227
10,596
10,7645
10,7645
10,7645
10,8426
10,9599
10,8697
10,6827
10,8468
10,8468
10,8468
10,6021
10,6034
10,5915
11,3607
11,3235
11,3235
11,3235
10,8897
11,0735
11,037
11,1855
11,1881
11,1881
11,1881
11,1128
11,0269
11,1766
11,0151
10,8679
10,8679
10,8679
10,4927
10,4701
10,8169
10,5797
10,5683
10,5683
10,5683
10,668
10,7698
10,9858
11,0575
11,1434
11,1434
11,1434
10,762
10,7491
10,8919
10,7221
10,5642
10,5642
10,5642
10,9136
10,7459
10,917
10,7665
10,9484
10,9484
10,9484
10,8116
10,7753
10,7974
10,8948
11,2037
11,2037
11,2037
11,1799
11,1462
11,3708
11,2394
11,0605
11,0605
11,0605
10,993
11,1838
11,2952
11,2292
11,2912
11,2912
11,2912
11,2132
11,2383
11,1524
11,0635
11,1388
11,1388
11,1388
11,2893
11,2544
11,5953
11,7669
12,1664
12,1664
12,1664
12,1664
12,1842
12,3578
12,3223
12,3223
12,3223
12,3223
12,2913
12,7235
12,852
12,8539
13,1577
13,1577
13,1577
12,8884
13,4431
13,4011
13,5464
13,1732
13,1732
13,1732
13,8213
13,7632
13,5314
13,7708
13,6087
13,6087
13,6087
13,7933
13,4126
13,5326
13,4991
13,5186
13,5186
13,5186
13,7908
13,6719
13,8625
13,8066
13,8888
13,8888
13,8888
13,8045
13,3562
13,3557
13,3
13,4558
13,4558
13,4558
13,2456
12,9996
12,8304
12,9123
12,9044
12,9044
12,9044
12,6569
12,6183
12,4527
12,5711
12,6333
12,6333
12,6333
12,4747
12,5258
12,6114
12,7495
12,9226
12,9226
12,9226
12,6307
12,2415
12,451
12,7347
12,5635
12,5635
12,5635
12,7403
12,9078
12,8876
12,8391
12,8787
12,8787
12,8787
12,772
12,928
13,1447
13,0963
13,2335
13,2335
13,2335
13,3017
13,5841
13,5643
13,4804
13,4339
13,4339
13,4339
13,6324
13,268
13,2048
13,0842
12,9776
12,9776
12,9776
12,9544
13,1325
13,0547
13,0187
12,822
12,822
12,822
12,727
12,5923
12,6199
12,2143
12,1101
11,6188
11,6188
11,6209
11,6209
11,7331
11,709
11,5385
11,5385
11,5385
11,5385
11,5385
11,6968
11,9882
12,0212
12,0212
12,0212
12,0212
12,0212
11,4099
11,859
11,9474
11,9474
11,9474
12,0483
12,0699
12,2183
12,2407
12,3362
12,3362
12,3362
12,4174
12,4313
12,4241
12,5472
12,4076
12,3182
12,3182
12,3258
12,0447
12,1051
12,1957
12,4417
12,4417
12,4417
12,198
12,1969
12,3941
12,2765
12,2801
12,2801
12,2801
12,1968
12,0672
11,9338
12,0278
11,9746
11,9746
11,9746
11,7298
11,6854
11,6877
11,3544
11,2151
11,2151
11,2151
11,2604
11,4282
11,2881
11,4446
11,4141
11,4141
11,4141
11,0406
11,3234
11,4024
11,3413
11,3413
11,3413
11,3413
11,4389
11,4036
11,55
11,5204
11,3377
11,3377
11,3377
11,4337
11,4038
11,4424
11,4727
11,5001
11,5001
11,5001
11,5576
11,5641
11,4815
11,2833
11,4225
11,4225
11,4225
11,4159
11,4323
11,163
10,8676
10,7113
10,7113
10,7113
10,7804
10,8877
10,8586
11,0201
10,9641
10,9641
10,9641
10,8676
9,3083
9,2844
9,2078
9,2955
9,2955
9,2955
9,3385
9,3093
9,0837
9,0489
9,2068
9,2068
9,2068
9,4998
9,6065
9,6065
9,6509
9,3449
9,3449
9,3449
9,3449
9,5656
9,3431
9,3431
9,3431
9,3431
9,3431
9,3431
9,3837
9,2185
9,0057
8,8075
8,9391
8,9391
8,9617
8,638
8,9989
9,1034
9,0407
9,0407
9,0407
9,0102
9,0132
8,9926
8,9933
9,1261
9,1261
9,1261
9,0734
9,0228
9,0506
8,9904
9,0906
9,0906
9,0906
9,0683
8,7345
8,6333
8,702
8,6977
8,6977
8,6977
8,6322
8,6948
8,6653
8,596
8,0552
8,0552
8,0552
7,9323
7,8563
7,9193
7,4978
7,4951
7,4951
7,4951
7,6046
7,8233
7,909
7,8851
7,9131
7,9131
7,9131
7,8211
7,7861
7,7827
7,9139
8,1106
8,1106
8,1106
7,9893
8,0469
8,103
8,0538
8,0032
8,0032
8,0032
7,9696
8,2125
8,2722
8,3778
8,1752
8,1752
8,1752
8,2045
8,228
8,0538
8,1507
8,0602
8,0602
8,0602
7,9478
8,0744
8,0698
7,8683
8,0671
8,0671
8,0671
8,3091
8,5273
8,7837
8,8184
9,0396
9,3719
9,3719
9,404
9,5506
9,4183
9,4218
9,483
9,483
9,483
9,483
9,483
9,4924
10,1889
9,934
9,934
9,934
9,7251
9,8703
9,9917
9,7712
9,7004
9,7004
9,7004
9,4938
9,7667
9,6391
9,4671
9,3909
9,3909
9,3909
8,9849
9,0662
9,0995
8,8948
9,5349
9,5349
9,5349
9,4211
8,9896
8,9025
9,0077
9,1312
9,1312
9,1312
9,1475
9,0577
9,0804
8,8625
9,0526
9,0526
9,0526
9,1203
9,1745
9,417
9,3352
9,2773
9,2773
9,2773
9,2773
9,1035
8,6581
8,994
9,1475
9,1475
9,1475
9,1876
9,2417
9,2074
9,3795
9,4173
9,4173
9,4173
9,2762
9,3186
9,208
9,3724
9,1654
9,1654
9,1654
8,9848
9,0535
8,9457
9,0939
9,0139
9,0139
9,0139
9,0017
8,8846
8,7672
8,6136
8,6467
8,6467
8,6467
8,6014
8,5976
8,5345
8,4626
8,3754
8,3754
8,3754
8,3684
8,2844
8,4698
8,4236
8,3375
8,3375
8,3375
8,4084
8,3266
8,0768
8,0204
8,1905
8,1905
8,1905
8,1935
8,192
8,4187
8,5375
8,2799
8,1732
8,1732
8,156
8,1364
8,3387
8,3167
8,0672
8,0672
8,0672
8,0775
8,1147
8,1147
8,1611
8,1443
8,1443
8,1443
8,3692
8,2489
8,2489
8,1796
8,3496
8,3496
8,3496
8,3496
8,3496
8,3496
8,4619
8,2038
8,2038
8,2038
8,325
8,4508
8,5435
8,4762
8,4627
8,4898
8,4898
8,6276
8,626
8,5325
8,4961
8,6148
8,6148
8,6148
8,6483
8,4952
8,4675
8,4603
8,3559
8,3559
8,3559
8,3204
8,3132
8,3583
8,4969
8,7331
8,7331
8,7331
8,6127
8,7452
8,7301
8,7448
8,783
8,783
8,783
9,1497
9,395
9,2804
9,4527
9,3893
9,3893
9,3893
9,4583
9,6092
9,4778
9,5491
9,3971
9,3971
9,3971
9,3357
9,4175
9,2762
9,3676
9,2708
9,2708
9,2708
9,3685
9,1645
9,2351
9,1039
9,2014
9,2014
9,2014
9,2273
9,1662
9,038
8,9372
8,6868
8,6868
8,6868
8,8582
8,7206
8,6359
8,6542
8,5054
8,5054
8,5054
8,5211
8,638
8,5588
8,5698
8,5729
8,5729
8,5729
8,6109
8,5591
8,708
8,5949
8,742
8,742
8,742
8,6725
8,5164
8,5254
8,4501
8,4549
8,4549
8,4549
8,4549
8,4545
8,4182
8,3991
8,2334
8,2334
8,2334
8,2334
8,5121
8,3791
8,3791
8,3791
8,3791
8,3791
8,378
8,3311
8,5496
8,5644
8,5644
8,5644
8,5644
8,4042
8,5067
8,5155
8,724
8,651
8,5171
8,5171
8,5415
8,6538
8,5889
8,5796
8,6997
8,6997
8,6997
8,6441
8,6377
8,5596
8,5059
8,3811
8,3811
8,3811
8,4497
8,3671
8,4003
8,3525
8,3811
8,3811
8,3811
8,3901
8,5255
8,488
8,5914
8,6537
8,6537
8,6537
8,7682
8,8209
8,7707
8,8544
8,9562
8,9562
8,9562
9,2701
9,3356
9,4885
9,3429
9,3664
9,3664
9,3664
9,4816
9,4171
9,5467
9,5301
9,5119
9,5119
9,5119
9,5617
9,4741
9,5341
9,5431
9,7066
9,7066
9,7066
9,6556
9,5039
9,4186
9,3056
9,3458
9,3458
9,3458
9,4164
9,3937
9,3567
9,402
9,3643
9,3643
9,3643
9,1923
9,2668
9,2655
9,213
9,2689
9,2689
9,2689
9,0985
9,0905
9,0013
8,7964
8,9098
8,9098
8,9098
8,9029
8,7677
8,8589
8,7768
8,7578
8,7578
8,7578
8,7552
8,6447
8,6932
8,6178
8,6426
8,6426
8,6426
8,7069
8,6921
8,6921
8,7273
8,8659
8,8659
8,8659
8,7597
8,7873
8,6974
8,6755
8,7375
8,7375
8,7375
8,7055
8,7658
8,6878
8,7109
8,582
8,582
8,582
8,5795
8,5796
8,6472
8,5944
8,5508
8,5508
8,5508
8,5537
8,2445
8,3679
8,3146
8,2117
8,2117
8,2117
8,2183
8,2335
8,0309
8,0066
8,039
8,039
8,039
7,9985
8,0543
8,2326
8,2344
8,3613
8,3613
8,3613
8,1791
8,1791
8,2368
8,0368
8,2214
8,2214
8,2214
8,1598
8,1375
8,1199
8,1264
8,0238
8,0238
8,0238
8,1095
8,116
8,1377
8,1595
7,9619
7,9619
7,9619
7,7121
7,7017
7,6962
7,3233
7,298
7,298
7,298
7,375
7,5005
7,4569
7,4969
7,5688
7,5688
7,5688
7,3937
7,83
7,9062
7,8909
7,8509
7,8509
7,8509
7,8967
7,9072
8,0467
7,9976
7,9044
7,9044
7,9044
7,6824
7,5796
7,8374
7,9158
8,0101
8,0101
8,0101
7,9782
7,957
8,03
8,4077
8,3769
8,3769
8,3769
8,45
8,3635
8,0956
7,9793
8,0881
8,0282
8,0282
8,0267
8,1277
7,9256
7,9256
7,9256
7,9256
7,9256
7,9407
8,0392
7,9272
7,9272
7,9272
7,9272
7,9272
8,0325
8,0493
8,0493
8,0493
8,0493
8,0493
8,0493
8,2949
8,5092
8,8616
8,8179
9,1722
9,118
9,118
9,1758
9,691
9,8724
10,1144
10,1246
10,1246
10,1246
10,3123
10,1793
10,2368
10,3327
10,0049
9,7626
9,7626
9,7781
9,9754
10,2203
10,1584
9,9551
9,9551
9,9551
10,1483
10,0731
10,0545
10,1676
10,2187
10,2187
10,2187
10,2775
10,8799
11,3527
10,958
10,8549
10,8549
10,8549
10,2074
9,5675
9,3254
9,5798
10,1574
10,1574
10,1574
9,7808
9,7926
9,7916
9,9284
9,925
9,925
9,925
9,8096
9,7531
9,5791
9,4714
9,3711
9,3711
9,3711
9,2003
9,2091
9,1708
9,116
9,3658
9,3658
9,3658
9,5991
10,0067
10,2061
10,1713
10,2558
10,2558
10,2558
10,2084
9,8386
9,719
9,5373
9,5415
9,5415
9,5415
9,4819
9,4297
9,5959
9,5927
9,2862
9,2862
9,2862
9,2862
9,4374
9,218
9,3512
9,561
9,561
9,561
9,561
9,5961
9,5017
9,5787
9,4886
9,4886
9,4886
9,485
9,433
9,5289
9,5812
9,5812
9,5812
9,5812
9,63
9,4924
9,587
9,5502
9,4717
9,4717
9,4717
9,4291
9,4171
9,412
9,4607
9,9077
9,9077
9,9077
9,8574
10,1023
9,9002
9,7158
9,8582
9,8582
9,8582
10,0539
10,0724
9,7488
9,6738
9,6864
9,6864
9,6864
9,6857
9,6611
9,7416
9,7253
9,6917
9,6917
9,6917
9,4992
9,4309
9,4325
9,4086
9,2006
9,2006
9,2006
9,2585
9,2823
9,4517
9,5091
9,764
9,764
9,764
9,8414
9,9099
9,7204
9,6388
9,5055
9,5055
9,5055
9,5117
9,5172
9,5142
9,518
9,5326
9,5326
9,5326
9,5493
9,5063
9,5385
9,1757
9,4211
9,4211
9,4211
9,469
9,354
9,3075
9,3267
9,1434
9,1434
9,1434
9,0373
9,0787
9,0101
9,0628
9,1385
9,1385
9,1385
8,8611
8,8149
8,7923
8,8235
8,8294
8,8294
8,8294
8,7678
8,886
8,7962
8,8662
8,9628
8,9628
8,9628
9,0752
9,1347
9,3508
9,3536
9,3356
9,3356
9,3356
9,461
9,2801
9,2781
9,0751
9,4703
9,4558
9,4558
9,4621
9,1569
9,1355
9,1355
9,1355
9,1355
9,1355
9,1355
8,8758
9,0884
9,0506
9,155
9,155
9,155
9,141
9,0295
9,076
9,1527
9,1179
9,1179
9,1179
9,0467
9,055
9,0356
9,1652
9,4264
9,4264
9,4264
9,8334
9,719
9,5685
9,5398
9,5988
9,5988
9,5988
9,7151
9,5304
9,413
9,4612
9,3836
9,3836
9,3836
9,3276
9,8583
10,1212
10,2035
10,0239
10,0239
10,0239
10,2171
10,1455
10,1455
9,8608
10,2351
10,2351
10,2351
10,1504
10,0381
10,0751
10,0508
10,0915
10,0915
10,0915
10,2512
10,3494
10,1545
10,2982
10,1897
10,1897
10,1897
10,0929
9,9406
9,9049
9,8042
9,6369
9,6369
9,6369
9,6758
9,4749
9,3242
9,2525
9,2054
9,2054
9,2054
9,1976
9,166
9,0952
9,0785
9,1244
9,1244
9,1244
9,1985
9,004
9,1473
9,1154
9,2519
9,2519
9,2519
9,1223
9,0627
9,1282
9,0872
8,9656
8,9656
8,9656
9,1028
9,3324
9,1611
9,1771
9,0979
9,0979
9,0979
8,899
8,7471
8,7326
8,7028
8,878
8,878
8,878
8,7032
8,9557
9,0077
9,0922
9,0922
9,0922
9,0922
9,0263
9,0043
8,8112
8,7347
8,7347
8,7347
8,7347
8,7423
8,8729
8,9765
8,9765
8,9765
8,9765
8,9765
9,0396
9,1309
9,1162
9,152
9,3307
9,3307
9,3307
9,1745
9,185
9,2604
9,2742
9,2546
9,2546
9,2546
9,361
9,4069
9,512
9,5463
8,9956
8,9956
8,9956
9,287
9,3847
9,2914
9,2833
9,6099
9,6099
9,6099
9,7087
9,6995
9,903
9,6853
10,0083
10,0083
10,0083
9,9858
9,7543
9,8296
9,7937
9,8339
9,8339
9,8339
9,9419
9,6941
9,8168
9,8773
9,7704
9,7704
9,7704
9,7805
9,5
9,6391
9,5155
9,6005
9,6005
9,6005
9,6005
9,6005
9,8932
9,7817
9,7839
9,9197
9,9197
9,8921
9,9582
9,7795
9,76
10,0389
10,0389
10,0389
10,1362
10,0349
10,0551
9,8335
9,6213
9,6213
9,6213
9,6116
9,623
9,4901
9,7122
9,7087
9,7087
9,7087
9,6985
9,431
9,5782
9,5129
9,6133
9,6133
9,6133
9,5813
9,8462
10,112
10,1324
10,2229
10,2229
10,2229
10,2667
10,2894
10,5644
10,7713
11,0031
11,0031
11,0031
11,0076
10,7209
10,7821
11,0392
11,0323
11,0323
11,0323
11,0323
11,3603
11,1345
10,9348
11,0711
11,0711
11,0711
11,0711
11,0298
10,8403
11,1432
10,9743
10,9743
10,9743
10,8848
11,0265
11,0224
10,8577
10,5813
10,5813
10,5813
10,5704
10,4386
10,438
10,4196
10,6149
10,6149
10,6149
10,5095
10,4858
10,4858
10,2875
10,2262
10,2262
10,2262
10,2829
10,4502
10,3711
10,6412
10,8314
10,8314
10,8314
10,9989
11,0136
10,9865
11,0916
11,2881
11,2881
11,2881
11,0602
11,0188
11,0252
10,92
10,9846
11,4671
11,4671
11,4947
11,2905
11,2156
11,6331
11,7214
11,7214
11,7214
12,2821
12,9886
12,584
13,032
12,7202
12,7202
12,7202
12,5782
12,5548
12,9729
12,9164
12,891
12,891
12,891
12,8192
12,5403
12,7172
12,5358
12,3117
12,3117
12,3117
12,5566
12,3548
12,5342
12,4617
12,9759
12,9759
12,9759
12,7462
13,0429
13,1774
13,1024
12,8107
12,8107
12,8107
12,8585
12,4864
12,5327
12,9166
12,8475
12,8475
12,8475
12,6265
12,6479
12,7285
12,4302
12,5679
12,5679
12,5679
12,3398
12,0198
12,0629
11,975
11,7594
11,7594
11,7594
11,7594
11,7594
11,7594
11,8735
11,8635
11,8635
11,8635
11,9127
12,3789
12,462
12,6695
12,6785
12,6785
12,6785
12,3464
11,9072
12,1906
12,1092
12,0585
12,0585
12,0585
12,0241
12,1575
12,1956
12,3712
12,6553
12,6234
12,6234
12,6131
12,3706
12,3519
12,1511
12,075
12,075
12,075
12,298
12,1901
11,9085
11,3215
11,2961
11,2961
11,2961
11,0236
11,3182
11,1282
11,1164
11,1164
11,1164
11,1164
11,2172
11,1106
11,2987
11,3717
11,3259
11,2595
11,2595
11,2595
11,3493
11,4087
11,3725
11,3746
11,3746
11,3746
11,3486
11,4586
11,7566
11,944
11,6036
11,6036
11,6036
11,7222
11,6407
11,6458
11,9787
11,9531
11,9531
11,9531
11,8837
11,0436
10,9634
10,9812
11,0547
11,0547
11,0547
10,7255
10,8342
10,8798
10,7648
10,6184
10,6184
10,6184
10,7337
10,8728
10,7846
10,8629
10,6211
10,6211
10,6211
10,6471
10,808
10,9095
10,8758
11,0875
11,0875
11,0875
10,9633
10,9039
11,0061
11,0565
10,4284
10,4284
10,4284
10,3863
10,3679
10,2586
10,4278
10,2601
10,2601
10,2601
10,2247
10,1801
10,1563
10,2135
10,3172
10,3172
10,3172
10,4426
10,4838
10,3155
10,6274
10,7671
10,7671
10,7671
10,6753
10,7195
10,7992
10,8759
10,9685
10,9685
10,9685
10,8745
10,913
11,0164
11,0942
10,9779
10,9779
10,9779
10,9503
11,1016
11,0795
10,9471
10,9002
10,9002
10,9002
10,7732
11,0172
11,1245
11,3034
11,3482
11,3482
11,3482
11,071
11,2662
11,2501
11,3482
11,3505
11,3505
11,3505
11,3212
11,5567
11,5254
11,5156
11,6728
11,6728
11,6728
11,598
11,5571
11,5047
11,5722
11,5996
11,5996
11,5996
11,7744
11,7923
11,7434
11,7608
11,7378
11,7378
11,7378
11,3065
11,3818
11,3818
11,3029
10,9408
10,9408
10,9408
10,7811
10,8532
10,8202
10,7606
11,1055
11,1055
11,1055
11,0273
10,9042
10,937
11,0865
11,0209
11,0209
11,0209
11,0895
11,2646
11,2574
11,3501
11,3358
11,3358
11,3358
11,2966
11,364
11,4742
11,417
11,3742
11,3742
11,3742
11,4751
11,1788
11,1752
11,3982
11,533
11,533
11,533
11,533
11,5199
11,4207
11,2953
11,2772
11,2772
11,2772
11,2772
11,1608
11,0916
10,9138
10,8098
10,8098
10,8098
10,8098
10,7541
10,4399
10,3663
10,1036
10,1036
10,1036
10,1036
10,1036
9,9204
9,8598
9,8642
9,8642
9,8642
9,7864
9,9441
9,9957
10,062
9,9778
9,9778
9,9778
9,9254
9,9953
10,0998
10,0188
10,0692
10,0692
10,0692
10,145
10,1397
10,1174
10,1174
10,15
10,15
10,15
10,0906
10,2882
10,2968
10,3304
10,3058
10,3058
10,3058
10,1574
10,0274
9,8404
9,9271
9,8709
9,8709
9,8709
9,8257
9,7738
9,7384
9,7013
9,7533
9,7533
9,7533
9,8358
9,7297
9,7819
9,8367
9,8233
9,8233
9,8233
9,6172
9,6151
9,4207
9,3004
9,3459
9,3459
9,3459
9,2417
8,8913
9,0464
9,2404
9,3099
9,3099
9,3099
9,1707
9,3715
9,4332
9,4757
9,4316
9,4316
9,4316
9,5729
9,6153
9,5082
9,5437
9,783
9,783
9,783
9,6351
9,748
9,7318
9,6552
9,5287
9,5287
9,5287
9,6415
9,3095
9,4328
9,5624
9,8375
9,8375
9,8375
9,8274
9,7705
9,7024
9,5756
9,7641
9,7641
9,7641
9,8472
9,7758
9,7811
9,8081
9,7379
9,7379
9,7379
9,7928
9,7892
10,1029
10,1029
9,9995
9,9995
9,9995
10,0164
10,1841
10,209
10,1494
10,1427
10,1427
10,1427
10,3892
10,1766
10,0962
10,1833
10,0769
10,0769
10,0769
10,049
9,9399
9,731
9,8565
9,6144
9,6144
9,6144
9,634
9,6201
9,6435
9,5685
9,524
9,524
9,524
9,5466
9,5421
9,3918
9,5077
9,4033
9,4033
9,4033
9,3717
9,5342
9,6277
9,6427
9,6457
9,6457
9,6457
9,6429
9,738
9,5569
9,4633
9,4906
9,4906
9,4906
9,5131
9,4652
9,4872
9,3966
9,4388
9,4388
9,4388
9,2849
9,3179
9,3896
9,4876
9,5881
9,5881
9,5881
9,5944
9,5022
9,5549
9,5742
9,6512
9,6512
9,6512
9,622
9,608
9,6223
9,717
9,6654
9,6654
9,6654
9,6784
9,6815
9,5594
9,521
9,5659
9,5659
9,5659
9,498
9,4947
9,4509
9,3338
9,1483
9,1483
9,1483
9,0664
9,0179
8,9939
8,9043
8,8109
8,8109
8,8109
8,7811
8,8045
8,7655
8,7085
8,8652
8,8652
8,8652
8,8176
8,8564
8,895
8,9183
8,9179
8,9179
8,9179
8,9179
8,9375
8,9267
9,0782
9,2034
9,2034
9,2034
9,2034
9,2669
9,375
9,4002
9,4082
9,4082
9,4082
9,4082
9,4115
9,3638
9,401
9,3233
9,3233
9,3233
9,3812
9,4825
9,3319
9,3678
9,2987
9,2987
9,2987
9,2407
9,2289
9,1994
9,2973
9,4645
9,4645
9,4645
9,3739
9,3351
9,2961
9,2545
9,2241
9,2241
9,2241
9,1827
9,019
8,9781
8,904
8,7301
8,7301
8,7301
8,7494
8,8106
8,9315
8,935
9,0703
9,0703
9,0703
9,0462
8,972
8,8619
8,799
8,824
8,824
8,824
8,9164
8,9502
8,915
8,8198
8,7494
8,7494
8,7494
8,826
8,8653
8,9227
8,9227
8,9227
8,9227
8,9227
8,921
8,7994
8,8076
8,8372
8,7832
8,7832
8,7832
8,7514
8,6343
8,6383
8,6459
8,7943
8,7943
8,7943
8,7944
8,823
8,823
8,7157
8,6196
8,6196
8,6196
8,6198
8,6146
8,5991
8,7094
8,6806
8,6806
8,6806
8,6806
8,5814
8,6052
8,6801
8,7308
8,7308
8,7308
8,7308
8,7862
8,7589
8,7776
8,9497
8,9497
8,9497
9,1039
9,0642
8,9763
8,8131
8,8017
8,8017
8,8017
8,8017
8,8017
8,8252
8,6684
8,7284
8,7284
8,7284
8,7975
8,7708
8,7708
8,7608
8,7636
8,7636
8,7636
8,8416
8,9191
8,8567
8,7336
8,6869
8,6869
8,6869
8,7837
8,8027
8,7928
8,9465
8,9382
8,9382
8,9382
8,9459
9,0453
9,0609
8,9801
8,9801
8,9801
8,9801
8,9354
8,9589
8,9395
8,895
8,9473
8,9473
8,9473
9,0535
9,0177
9,0347
9,0736
9,1044
9,1044
9,1044
9,2323
9,3198
8,9922
8,8772
8,8606
8,8606
8,8606
8,8459
8,9496
8,9012
8,799
8,778
8,778
8,778
8,7288
8,6761
8,6341
8,6006
8,6513
8,6513
8,6513
8,5822
8,597
8,6894
8,5425
8,5263
8,5263
8,5263
8,4972
8,4891
8,4796
8,4523
8,2717
8,2717
8,2717
8,1863
8,2429
8,2863
8,3012
8,3086
8,3086
8,3086
8,2907
8,1847
8,2508
8,2099
8,2207
8,2207
8,2207
8,2079
8,1515
8,1441
8,1884
8,1324
8,1324
8,1324
8,2069
8,1641
8,101
8,0308
7,9305
7,9305
7,9305
7,8341
7,8917
7,9477
7,948
7,9565
7,9565
7,9565
7,9565
7,9565
7,9565
7,9565
7,9565
7,9565
7,9565
7,8488
7,8619
7,7902
7,6449
7,6197
7,6197
7,6197
7,6779
7,6451
7,6568
7,6193
7,6409
7,6409
7,6409
7,6833
7,6664
7,6488
7,6708
7,666
7,666
7,666
7,6978
7,7571
7,7441
7,743
7,8481
7,8481
7,8481
7,8323
7,7701
7,8985
7,8869
8,0148
8,0148
8,0148
7,9759
7,9804
7,8997
7,8289
7,8594
7,8594
7,8594
7,8702
7,9747
8,0415
8,0525
7,9931
7,9931
7,9931
7,9272
7,997
8,0182
8,0792
8,1228
8,1228
8,1228
8,1269
8,0917
8,0696
7,9428
7,8983
7,8983
7,8983
7,9601
8,1556
8,101
8,0714
8,034
8,034
8,034
7,9287
7,8384
7,7528
7,6885
7,6682
7,6682
7,6682
7,7721
7,8638
7,9038
7,9553
7,9528
7,9528
7,9528
8,019
7,8804
7,9585
7,9121
7,8401
7,8401
7,8401
7,8839
7,8491
7,9166
8,0076
8,0019
8,0019
8,0019
7,9515
8,0188
8,046
8,1151
8,1356
8,1356
8,1356
8,1542
8,1086
8,1238
8,159
8,1443
8,1443
8,1443
8,1443
8,1443
8,1971
8,1175
8,0881
8,0881
8,0881
8,0881
8,0881
8,2824
8,5084
8,5447
8,5447
8,5447
8,5447
8,5447
8,5953
8,6393
8,6061
8,6061
8,6061
8,6429
8,6345
8,606
8,6103
8,572
8,572
8,572
8,5837
8,524
8,3994
8,402
8,4658
8,4658
8,4658
8,4196
8,4566
8,6233
8,7167
8,7421
8,7421
8,7421
8,8208
8,7869
8,6453
8,7187
8,6489
8,6489
8,6489
8,6421
8,6835
8,6466
8,708
8,645
8,645
8,645
8,5826
8,6301
8,6818
8,6876
8,8324
8,8324
8,8324
8,7628
8,7483
8,7962
8,7316
8,7531
8,7531
8,7531
8,7207
8,5675
8,3365
8,3011
8,3011
8,3011
8,3011
8,2883
8,2984
8,4054
8,4948
8,5651
8,5651
8,5651
8,4201
8,4981
8,5172
8,5467
8,496
8,496
8,496
8,6252
8,5842
8,6362
8,5829
8,5708
8,5708
8,5708
8,4773
8,427
8,429
8,4046
8,4955
8,4955
8,4955
8,4555
8,5226
8,5034
8,6046
8,6276
8,6276
8,6276
8,6016
8,6069
8,5623
8,5908
8,6367
8,6367
8,6367
8,6025
8,5993
8,6024
8,6042
8,5164
8,5164
8,5164
8,5164
8,5164
8,5164
8,5511
8,5593
8,5593
8,5593
8,5593
8,4339
8,4312
8,4312
8,4312
8,4312
8,4312
8,5355
8,5155
8,4529
8,5075
8,5418
8,5418
8,5418
8,5336
8,3533
8,3228
8,3439
8,369
8,369
8,369
8,4047
8,4482
8,4607
8,4378
8,405
8,405
8,405
8,4259
8,4735
8,6102
8,5999
8,6499
8,6499
8,6499
8,7108
8,6834
8,5755
8,5655
8,6462
8,6462
8,6462
8,6489
8,7896
8,6483
8,7158
8,7515
8,7515
8,7515
8,972
8,9488
8,9816
8,9912
8,8995
8,8995
8,8995
8,8794
8,8488
8,8547
8,7886
8,8355
8,8355
8,8355
8,8037
8,7484
8,6542
8,6187
8,6386
8,6386
8,6386
8,7126
8,6296
8,7134
8,7375
8,8413
8,8413
8,8413
9,0556
9,2066
9,2317
9,2616
9,3445
9,3445
9,3445
9,3702
9,3415
9,3463
9,4007
9,4469
9,4469
9,4469
9,1814
9,3024
9,4657
9,3774
9,5603
9,5603
9,5603
9,6247
9,5905
9,5429
9,8148
9,6276
9,6276
9,6276
9,7555
9,7189
9,6413
9,7374
9,8389
9,8389
9,8389
9,8389
9,8389
9,7801
10,2045
10,529
10,529
10,529
10,5635
10,492
10,4892
10,5991
11,1179
11,1179
11,1179
11,069
10,4182
10,4029
10,2517
10,3414
10,3414
10,3414
10,3865
10,3564
10,1572
10,1435
10,1232
10,1232
10,1232
10,0597
10,1674
10,4692
10,6029
10,5975
10,5975
10,5975
10,2455
9,9865
9,8339
9,7558
9,8404
9,8404
9,8404
10,0226
10,0186
9,8983
9,9513
10,0555
10,0555
10,0555
10,0555
10,0211
9,9107
9,9222
9,6608
9,6608
9,6608
9,7599
9,7265
9,9052
9,8505
9,819
9,819
9,819
9,8573
10,2106
10,18
9,9549
10,1229
10,1229
10,1229
10,1663
10,1808
10,2026
10,1093
9,8208
9,8208
9,8208
9,8158
9,4227
9,4736
9,4243
9,5804
9,5804
9,5804
9,6418
9,5145
9,4517
9,6046
9,5925
9,5925
9,5925
9,5674
9,5989
9,4324
9,4793
9,5654
9,5654
9,5654
9,5291
9,5487
9,4965
9,5751
9,6258
9,6258
9,6258
9,4525
9,4778
9,2719
9,2964
9,2778
9,2778
9,2778
9,3848
9,4089
9,4437
9,4635
9,4301
9,4301
9,4301
9,4105
9,4708
9,4708
9,6603
9,7714
9,7714
9,7714
9,7416
9,8624
9,8624
9,8601
9,9667
9,9667
9,9667
9,9667
9,9667
9,9667
9,931
10,2191
10,2191
10,2191
9,9778
10,005
10,0553
9,9583
10,0166
10,0166
10,0166
10,1319
10,1909
10,22
10,2142
10,1287
10,1287
10,1287
10,0327
10,1325
10,3586
10,1559
9,8345
9,8345
9,8345
9,9575
10,0248
9,9529
9,9165
9,8739
9,8739
9,8739
9,9805
10,0264
10,0787
10,0585
9,9953
9,9953
9,9953
10,0295
10,0467
10,0963
10,1715
10,482
10,482
10,482
10,5367
10,6517
10,7801
10,5234
10,3272
10,3272
10,3272
10,2744
9,7432
9,5405
9,4314
9,6636
9,6636
9,6636
9,6353
9,7736
9,4198
9,5592
9,5822
9,5822
9,5822
9,3595
8,945
7,385
7,152
7,1394
7,1394
7,1394
6,9377
7,2986
7,2449
7,8855
8,1018
8,1018
8,1018
8,3828
8,3629
8,2359
8,2133
8,3036
8,3036
8,3036
8,451
8,6223
8,6891
8,9743
8,8527
8,8527
8,8527
8,8264
8,7339
8,7108
8,8558
8,8693
8,8693
8,8693
8,8693
8,8593
8,7242
8,7311
8,7641
8,7641
8,7641
9,0373
8,9889
8,8014
8,7148
8,7148
8,7148
8,7148
8,7498
8,575
8,5914
8,4357
8,6137
8,6137
8,6137
8,5879
8,6158
8,9253
8,9229
8,9319
8,9319
8,9319
8,8901
9,3025
9,9322
9,7748
9,9722
9,9722
9,9722
9,7873
9,689
9,6839
9,8417
9,7423
9,7423
9,7423
9,8187
9,9164
10,2163
10,2446
9,9867
9,9867
9,9867
9,9867
9,9124
9,8014
9,8024
9,807
9,807
9,807
9,9029
9,7599
9,4746
9,6599
9,6981
9,6981
9,6981
9,7794
9,7558
9,9703
9,9307
9,944
9,944
9,944
9,7413
9,8757
9,9039
9,8579
10,0915
10,0915
10,0915
9,9481
10,0314
10,1646
10,0026
10,2179
10,2179
10,2179
10,3982
10,336
10,4954
10,3707
10,6065
10,6065
10,6065
10,5615
10,5012
10,6179
11,2166
12,1124
12,1124
12,1124
12,4404
12,1867
13,1955
12,7057
13,1145
13,1145
13,1145
12,4477
12,9014
12,9653
13,0147
14,3942
14,3942
14,3942
14,878
15,0759
15,0402
15,1035
13,8621
13,8621
13,8621
14,1367
14,3812
14,4516
15,1789
14,6762
14,6762
14,6762
14,3723
14,3334
14,3679
14,3679
14,3679
14,3679
14,3679
14,3679
14,184
14,6364
15,4393
14,7827
14,7827
14,7827
14,3567
14,3138
14,3319
14,2588
14,1885
14,1885
14,1885
14,5073
14,3911
14,3717
14,7246
14,6394
14,6394
14,6394
14,3028
14,4944
14,1231
13,0383
12,7217
12,7217
12,7217
12,045
12,3232
12,4788
13,0084
12,9364
12,9364
12,9364
12,8509
12,9724
12,9889
13,21
12,8149
12,8149
12,8149
13,0685
13,2806
13,2806
13,6427
13,1948
13,1948
13,1948
13,0532
13,3169
13,5794
13,4916
13,7126
13,7126
13,7126
13,6615
13,5528
13,3076
13,3809
13,1055
13,1055
13,1055
12,6215
12,9796
13,2064
13,3528
13,2568
13,2568
13,2568
13,5659
14,2179
13,8165
13,3277
13,3395
13,3395
13,3395
13,3122
13,3355
13,3484
13,5596
13,4076
13,4076
13,4076
13,2529
13,3587
13,2221
12,8168
12,9673
12,9673
12,9673
12,9467
12,8224
12,2865
13,0658
13,3228
13,3228
13,3228
13,4417
13,488
13,2267
13,6296
13,3982
13,3982
13,3982
13,2704
13,214
13,2148
13,4022
13,897
13,897
13,897
14,2573
14,2964
14,4893
14,2911
14,2911
14,2911
14,2911
14,0313
14,2939
14,2789
14,473
14,473
14,473
14,473
14,5391
14,6363
15,0806
15,0806
15,0806
15,0806
15,0806
15,2126
14,7363
13,8648
14,1587
14,0764
14,0764
14,0764
14,0326
14,0435
13,8621
14,1628
14,193
14,193
14,193
14,5401
14,2109
14,327
14,1735
14,0074
14,0074
14,0074
14,0376
15,2523
16,4781
15,2709
15,0101
15,0101
15,0101
14,8337
14,9297
15,3267
15,5764
15,3132
15,3132
15,3132
15,2256
15,1451
15,411
15,4178
15,2181
15,2181
15,2181
15,3316
15,2106
15,4669
15,7215
15,5699
15,5699
15,5699
15,6565
14,9925
15,1439
14,8336
15,0219
15,0219
15,0219
15,0219
15,0359
14,234
14,6059
14,6124
14,6124
14,6124
14,9761
14,5101
14,868
14,8867
14,7814
14,7814
14,7814
14,955
14,9948
14,7706
14,7299
14,5141
14,5141
14,5141
14,2509
14,497
14,3759
14,1378
13,959
13,959
13,959
14,1293
14,1074
14,081
14,4812
14,4334
14,4334
14,4334
14,6056
14,5145
14,4718
14,3406
14,5555
14,5555
14,5555
14,7229
15,0784
15,1093
14,9899
14,9873
14,9873
14,9873
15,1747
15,0565
15,0133
15,0685
14,8043
14,8043
14,8043
14,8043
15,0125
14,782
15,332
15,0819
15,0819
15,0819
15,0819
15,3108
15,8636
15,6915
15,6205
15,6205
15,6205
15,285
15,546
15,7669
16,2634
15,787
15,787
15,787
15,7987
15,8067
15,6888
15,6266
15,9348
15,9348
15,9348
15,6611
15,6429
15,6496
15,9844
15,7334
15,7334
15,7334
15,7583
15,5433
15,6764
15,7633
15,6846
15,6846
15,6846
15,7373
16,0244
15,7846
15,736
15,8406
15,8406
15,8406
15,3013
15,2048
14,9957
15,0106
15,0075
15,0075
15,0075
15,05
15,1212
15,0781
15,0057
14,919
14,919
14,919
15,2304
15,2174
15,4174
15,4533
15,3309
15,3309
15,3309
15,1758
15,1026
15,0389
15,1289
15,1446
15,1446
15,1446
15,1342
15,0816
14,6367
14,5262
14,5801
14,5801
14,5801
14,5703
14,6035
14,678
14,4963
14,2881
14,2881
14,2881
14,6291
14,6587
14,6031
14,6164
14,7197
14,7197
14,7197
14,599
14,3168
13,6604
13,3707
13,3254
13,3254
13,3254
13,2766
13,2435
13,2929
13,5018
13,4253
13,4253
13,4253
13,2594
13,1782
13,3037
13,5204
13,5204
13,5204
13,5204
13,5204
13,5204
13,5249
13,6936
13,6273
13,6273
13,6273
13,7438
13,6394
13,9854
13,6887
13,6912
13,6912
13,6912
13,606
13,5595
13,3755
13,3973
13,527
13,527
13,527
13,3019
13,0477
12,7298
12,8366
12,941
12,941
12,941
12,9381
12,8938
12,8211
12,6067
12,6493
12,6493
12,6493
12,1619
12,4836
12,5822
12,6504
12,5264
12,5264
12,5264
12,7184
12,6
12,5795
12,5795
12,6299
12,6299
12,6299
12,979
12,9252
12,9077
13,238
13,4413
13,4413
13,4413
13,6113
13,6608
13,7298
13,7124
13,4906
13,4906
13,4906
13,5146
13,4864
13,4383
13,4447
13,2747
13,2747
13,2747
13,3606
13,4247
13,7046
13,7572
13,6521
13,6521
13,6521
14,1144
14,124
14,2672
14,3232
14,2097
14,2097
14,2097
14,183
14,0914
14,0458
13,5597
13,39
13,39
13,39
13,5084
13,4709
13,2438
13,0375
13,0362
13,0362
13,0362
12,7548
12,7171
12,683
12,7325
12,7282
12,7282
12,7282
12,6613
12,4762
12,6643
12,6389
12,4264
12,4264
12,4264
12,6381
12,9307
12,7532
13,0374
12,9797
12,9797
12,9797
13,0867
12,9777
12,9535
12,9164
13,0279
13,0279
13,0279
12,9914
13,1854
13,2251
13,1484
13,1484
13,1484
13,1484
13,26
12,8141
12,9706
13,0723
13,174
13,174
13,174
13,4671
13,3819
13,3471
13,2992
13,7984
13,7984
13,7984
14,0577
14,1062
13,916
13,6411
13,7342
13,7342
13,7342
13,3557
12,9873
13,0187
13,2656
13,2025
13,2025
13,2025
12,9241
12,9678
13,1641
13,1546
13,3451
13,3451
13,3451
13,3891
13,1324
13,615
13,4229
13,5732
13,5732
13,5732
13,6411
13,7457
13,7002
13,8545
13,976
13,976
13,976
14,7984
14,2254
14,3528
14,5343
14,7788
14,7788
14,7788
14,9132
14,9132
14,8402
15,4197
15,4629
15,4629
15,4629
15,3265
15,1739
15,0187
14,5942
14,7822
14,7822
14,7822
15,0245
14,96
14,8436
14,85
14,7904
14,7904
14,7904
14,927
15,1083
14,6813
14,5148
14,59
14,59
14,59
14,6378
14,5499
14,5552
14,5618
14,33
14,33
14,33
14,4193
14,5783
14,8355
14,8346
15,2116
15,2116
15,2116
15,2234
15,2274
15,2484
15,4095
14,9711
14,9711
14,9711
14,9711
14,6364
13,9598
14,1176
14,0848
14,0848
14,0848
14,0848
13,8606
14,0601
13,5993
13,6083
13,6083
13,6083
13,6083
13,8348
13,2346
13,2659
13,2488
13,2488
13,2488
12,8025
12,7419
12,9592
13,3582
13,3409
13,3409
13,3409
13,2858
13,5709
13,5761
13,4693
13,3858
13,3858
13,3858
13,4124
13,6573
13,4994
13,3197
13,2232
13,2232
13,2232
13,2209
13,2327
13,6081
13,5245
13,4164
13,4164
13,4164
13,4257
13,232
13,2486
13,0772
13,2397
13,2397
13,2397
13,263
13,5138
13,3717
13,3897
13,252
13,252
13,252
13,0875
12,8788
13,2126
13,0547
12,8833
12,8833
12,8833
12,5486
12,1325
12,2184
12,2293
11,8749
11,8749
11,8749
12,0112
11,8895
11,906
11,7099
11,7717
11,7717
11,7717
11,6433
11,4626
11,7234
11,7355
11,6552
11,6552
11,6552
11,3414
11,6855
11,655
11,5124
11,663
11,663
11,663
12,0006
12,4713
12,6777
12,6436
12,3654
12,3654
12,3654
12,5796
12,451
12,5286
12,7749
12,6643
12,6643
12,6643
12,7284
12,5286
12,5721
12,4384
12,3068
12,3068
12,3068
12,2608
11,9132
11,7252
11,818
11,8378
11,8378
11,8378
12,0243
11,9607
11,9607
11,9676
11,1748
11,1748
11,1748
11,0628
11,1701
11,3724
11,474
11,3436
11,3436
11,3436
11,6124
11,6821
11,9538
12,375
12,152
12,152
12,152
12,0726
11,84
11,8367
12,0356
12,1795
12,1795
12,1795
12,2446
11,9028
11,7084
11,7425
11,4753
11,4753
11,4753
11,7325
11,9402
12,1698
13,0986
12,7732
12,7732
12,7732
12,8298
12,8859
12,3762
12,1075
12,1075
12,1075
12,1075
11,9796
11,7143
11,593
11,6587
11,508
11,508
11,508
11,7121
11,4666
11,9687
11,7449
12,1827
12,1827
12,1827
12,0376
11,9344
11,8896
12,393
12,2679
12,2679
12,2679
11,75
12,4179
12,831
12,8623
13,1994
13,1994
13,1994
13,0454
13,2402
13,2287
13,4927
13,5243
13,5243
13,5243
12,9881
13,0074
12,7566
13,1794
13,1919
13,1919
13,1919
13,4325
13,272
13,3763
13,3869
13,5464
13,5464
13,5464
13,9473
14,2348
14,4217
14,0885
13,9693
13,9693
13,9693
14,1513
14,3953
14,5482
14,5382
14,7071
14,7071
14,7071
14,4498
14,2318
14,4422
14,7436
14,811115.11.2011
16.11.2011
17.11.2011
18.11.2011
19.11.2011
20.11.2011
21.11.2011
22.11.2011
23.11.2011
24.11.2011
25.11.2011
26.11.2011
27.11.2011
28.11.2011
29.11.2011
30.11.2011
01.12.2011
02.12.2011
03.12.2011
04.12.2011
05.12.2011
06.12.2011
07.12.2011
08.12.2011
09.12.2011
10.12.2011
11.12.2011
12.12.2011
13.12.2011
14.12.2011
15.12.2011
16.12.2011
17.12.2011
18.12.2011
19.12.2011
20.12.2011
21.12.2011
22.12.2011
23.12.2011
24.12.2011
25.12.2011
26.12.2011
27.12.2011
28.12.2011
29.12.2011
30.12.2011
31.12.2011
01.01.2012
02.01.2012
03.01.2012
04.01.2012
05.01.2012
06.01.2012
07.01.2012
08.01.2012
09.01.2012
10.01.2012
11.01.2012
12.01.2012
13.01.2012
14.01.2012
15.01.2012
16.01.2012
17.01.2012
18.01.2012
19.01.2012
20.01.2012
21.01.2012
22.01.2012
23.01.2012
24.01.2012
25.01.2012
26.01.2012
27.01.2012
28.01.2012
29.01.2012
30.01.2012
31.01.2012
01.02.2012
02.02.2012
03.02.2012
04.02.2012
05.02.2012
06.02.2012
07.02.2012
08.02.2012
09.02.2012
10.02.2012
11.02.2012
12.02.2012
13.02.2012
14.02.2012
15.02.2012
16.02.2012
17.02.2012
18.02.2012
19.02.2012
20.02.2012
21.02.2012
22.02.2012
23.02.2012
24.02.2012
25.02.2012
26.02.2012
27.02.2012
28.02.2012
29.02.2012
01.03.2012
02.03.2012
03.03.2012
04.03.2012
05.03.2012
06.03.2012
07.03.2012
08.03.2012
09.03.2012
10.03.2012
11.03.2012
12.03.2012
13.03.2012
14.03.2012
15.03.2012
16.03.2012
17.03.2012
18.03.2012
19.03.2012
20.03.2012
21.03.2012
22.03.2012
23.03.2012
24.03.2012
25.03.2012
26.03.2012
27.03.2012
28.03.2012
29.03.2012
30.03.2012
31.03.2012
01.04.2012
02.04.2012
03.04.2012
04.04.2012
05.04.2012
06.04.2012
07.04.2012
08.04.2012
09.04.2012
10.04.2012
11.04.2012
12.04.2012
13.04.2012
14.04.2012
15.04.2012
16.04.2012
17.04.2012
18.04.2012
19.04.2012
20.04.2012
21.04.2012
22.04.2012
23.04.2012
24.04.2012
25.04.2012
26.04.2012
27.04.2012
28.04.2012
29.04.2012
30.04.2012
01.05.2012
02.05.2012
03.05.2012
04.05.2012
05.05.2012
06.05.2012
07.05.2012
08.05.2012
09.05.2012
10.05.2012
11.05.2012
12.05.2012
13.05.2012
14.05.2012
15.05.2012
16.05.2012
17.05.2012
18.05.2012
19.05.2012
20.05.2012
21.05.2012
22.05.2012
23.05.2012
24.05.2012
25.05.2012
26.05.2012
27.05.2012
28.05.2012
29.05.2012
30.05.2012
31.05.2012
01.06.2012
02.06.2012
03.06.2012
04.06.2012
05.06.2012
06.06.2012
07.06.2012
08.06.2012
09.06.2012
10.06.2012
11.06.2012
12.06.2012
13.06.2012
14.06.2012
15.06.2012
16.06.2012
17.06.2012
18.06.2012
19.06.2012
20.06.2012
21.06.2012
22.06.2012
23.06.2012
24.06.2012
25.06.2012
26.06.2012
27.06.2012
28.06.2012
29.06.2012
30.06.2012
01.07.2012
02.07.2012
03.07.2012
04.07.2012
05.07.2012
06.07.2012
07.07.2012
08.07.2012
09.07.2012
10.07.2012
11.07.2012
12.07.2012
13.07.2012
14.07.2012
15.07.2012
16.07.2012
17.07.2012
18.07.2012
19.07.2012
20.07.2012
21.07.2012
22.07.2012
23.07.2012
24.07.2012
25.07.2012
26.07.2012
27.07.2012
28.07.2012
29.07.2012
30.07.2012
31.07.2012
01.08.2012
02.08.2012
03.08.2012
04.08.2012
05.08.2012
06.08.2012
07.08.2012
08.08.2012
09.08.2012
10.08.2012
11.08.2012
12.08.2012
13.08.2012
14.08.2012
15.08.2012
16.08.2012
17.08.2012
18.08.2012
19.08.2012
20.08.2012
21.08.2012
22.08.2012
23.08.2012
24.08.2012
25.08.2012
26.08.2012
27.08.2012
28.08.2012
29.08.2012
30.08.2012
31.08.2012
01.09.2012
02.09.2012
03.09.2012
04.09.2012
05.09.2012
06.09.2012
07.09.2012
08.09.2012
09.09.2012
10.09.2012
11.09.2012
12.09.2012
13.09.2012
14.09.2012
15.09.2012
16.09.2012
17.09.2012
18.09.2012
19.09.2012
20.09.2012
21.09.2012
22.09.2012
23.09.2012
24.09.2012
25.09.2012
26.09.2012
27.09.2012
28.09.2012
29.09.2012
30.09.2012
01.10.2012
02.10.2012
03.10.2012
04.10.2012
05.10.2012
06.10.2012
07.10.2012
08.10.2012
09.10.2012
10.10.2012
11.10.2012
12.10.2012
13.10.2012
14.10.2012
15.10.2012
16.10.2012
17.10.2012
18.10.2012
19.10.2012
20.10.2012
21.10.2012
22.10.2012
23.10.2012
24.10.2012
25.10.2012
26.10.2012
27.10.2012
28.10.2012
29.10.2012
30.10.2012
31.10.2012
01.11.2012
02.11.2012
03.11.2012
04.11.2012
05.11.2012
06.11.2012
07.11.2012
08.11.2012
09.11.2012
10.11.2012
11.11.2012
12.11.2012
13.11.2012
14.11.2012
15.11.2012
16.11.2012
17.11.2012
18.11.2012
19.11.2012
20.11.2012
21.11.2012
22.11.2012
23.11.2012
24.11.2012
25.11.2012
26.11.2012
27.11.2012
28.11.2012
29.11.2012
30.11.2012
01.12.2012
02.12.2012
03.12.2012
04.12.2012
05.12.2012
06.12.2012
07.12.2012
08.12.2012
09.12.2012
10.12.2012
11.12.2012
12.12.2012
13.12.2012
14.12.2012
15.12.2012
16.12.2012
17.12.2012
18.12.2012
19.12.2012
20.12.2012
21.12.2012
22.12.2012
23.12.2012
24.12.2012
25.12.2012
26.12.2012
27.12.2012
28.12.2012
29.12.2012
30.12.2012
31.12.2012
01.01.2013
02.01.2013
03.01.2013
04.01.2013
05.01.2013
06.01.2013
07.01.2013
08.01.2013
09.01.2013
10.01.2013
11.01.2013
12.01.2013
13.01.2013
14.01.2013
15.01.2013
16.01.2013
17.01.2013
18.01.2013
19.01.2013
20.01.2013
21.01.2013
22.01.2013
23.01.2013
24.01.2013
25.01.2013
26.01.2013
27.01.2013
28.01.2013
29.01.2013
30.01.2013
31.01.2013
01.02.2013
02.02.2013
03.02.2013
04.02.2013
05.02.2013
06.02.2013
07.02.2013
08.02.2013
09.02.2013
10.02.2013
11.02.2013
12.02.2013
13.02.2013
14.02.2013
15.02.2013
16.02.2013
17.02.2013
18.02.2013
19.02.2013
20.02.2013
21.02.2013
22.02.2013
23.02.2013
24.02.2013
25.02.2013
26.02.2013
27.02.2013
28.02.2013
01.03.2013
02.03.2013
03.03.2013
04.03.2013
05.03.2013
06.03.2013
07.03.2013
08.03.2013
09.03.2013
10.03.2013
11.03.2013
12.03.2013
13.03.2013
14.03.2013
15.03.2013
16.03.2013
17.03.2013
18.03.2013
19.03.2013
20.03.2013
21.03.2013
22.03.2013
23.03.2013
24.03.2013
25.03.2013
26.03.2013
27.03.2013
28.03.2013
29.03.2013
30.03.2013
31.03.2013
01.04.2013
02.04.2013
03.04.2013
04.04.2013
05.04.2013
06.04.2013
07.04.2013
08.04.2013
09.04.2013
10.04.2013
11.04.2013
12.04.2013
13.04.2013
14.04.2013
15.04.2013
16.04.2013
17.04.2013
18.04.2013
19.04.2013
20.04.2013
21.04.2013
22.04.2013
23.04.2013
24.04.2013
25.04.2013
26.04.2013
27.04.2013
28.04.2013
29.04.2013
30.04.2013
01.05.2013
02.05.2013
03.05.2013
04.05.2013
05.05.2013
06.05.2013
07.05.2013
08.05.2013
09.05.2013
10.05.2013
11.05.2013
12.05.2013
13.05.2013
14.05.2013
15.05.2013
16.05.2013
17.05.2013
18.05.2013
19.05.2013
20.05.2013
21.05.2013
22.05.2013
23.05.2013
24.05.2013
25.05.2013
26.05.2013
27.05.2013
28.05.2013
29.05.2013
30.05.2013
31.05.2013
01.06.2013
02.06.2013
03.06.2013
04.06.2013
05.06.2013
06.06.2013
07.06.2013
08.06.2013
09.06.2013
10.06.2013
11.06.2013
12.06.2013
13.06.2013
14.06.2013
15.06.2013
16.06.2013
17.06.2013
18.06.2013
19.06.2013
20.06.2013
21.06.2013
22.06.2013
23.06.2013
24.06.2013
25.06.2013
26.06.2013
27.06.2013
28.06.2013
29.06.2013
30.06.2013
01.07.2013
02.07.2013
03.07.2013
04.07.2013
05.07.2013
06.07.2013
07.07.2013
08.07.2013
09.07.2013
10.07.2013
11.07.2013
12.07.2013
13.07.2013
14.07.2013
15.07.2013
16.07.2013
17.07.2013
18.07.2013
19.07.2013
20.07.2013
21.07.2013
22.07.2013
23.07.2013
24.07.2013
25.07.2013
26.07.2013
27.07.2013
28.07.2013
29.07.2013
30.07.2013
31.07.2013
01.08.2013
02.08.2013
03.08.2013
04.08.2013
05.08.2013
06.08.2013
07.08.2013
08.08.2013
09.08.2013
10.08.2013
11.08.2013
12.08.2013
13.08.2013
14.08.2013
15.08.2013
16.08.2013
17.08.2013
18.08.2013
19.08.2013
20.08.2013
21.08.2013
22.08.2013
23.08.2013
24.08.2013
25.08.2013
26.08.2013
27.08.2013
28.08.2013
29.08.2013
30.08.2013
31.08.2013
01.09.2013
02.09.2013
03.09.2013
04.09.2013
05.09.2013
06.09.2013
07.09.2013
08.09.2013
09.09.2013
10.09.2013
11.09.2013
12.09.2013
13.09.2013
14.09.2013
15.09.2013
16.09.2013
17.09.2013
18.09.2013
19.09.2013
20.09.2013
21.09.2013
22.09.2013
23.09.2013
24.09.2013
25.09.2013
26.09.2013
27.09.2013
28.09.2013
29.09.2013
30.09.2013
01.10.2013
02.10.2013
03.10.2013
04.10.2013
05.10.2013
06.10.2013
07.10.2013
08.10.2013
09.10.2013
10.10.2013
11.10.2013
12.10.2013
13.10.2013
14.10.2013
15.10.2013
16.10.2013
17.10.2013
18.10.2013
19.10.2013
20.10.2013
21.10.2013
22.10.2013
23.10.2013
24.10.2013
25.10.2013
26.10.2013
27.10.2013
28.10.2013
29.10.2013
30.10.2013
31.10.2013
01.11.2013
02.11.2013
03.11.2013
04.11.2013
05.11.2013
06.11.2013
07.11.2013
08.11.2013
09.11.2013
10.11.2013
11.11.2013
12.11.2013
13.11.2013
14.11.2013
15.11.2013
16.11.2013
17.11.2013
18.11.2013
19.11.2013
20.11.2013
21.11.2013
22.11.2013
23.11.2013
24.11.2013
25.11.2013
26.11.2013
27.11.2013
28.11.2013
29.11.2013
30.11.2013
01.12.2013
02.12.2013
03.12.2013
04.12.2013
05.12.2013
06.12.2013
07.12.2013
08.12.2013
09.12.2013
10.12.2013
11.12.2013
12.12.2013
13.12.2013
14.12.2013
15.12.2013
16.12.2013
17.12.2013
18.12.2013
19.12.2013
20.12.2013
21.12.2013
22.12.2013
23.12.2013
24.12.2013
25.12.2013
26.12.2013
27.12.2013
28.12.2013
29.12.2013
30.12.2013
31.12.2013
01.01.2014
02.01.2014
03.01.2014
04.01.2014
05.01.2014
06.01.2014
07.01.2014
08.01.2014
09.01.2014
10.01.2014
11.01.2014
12.01.2014
13.01.2014
14.01.2014
15.01.2014
16.01.2014
17.01.2014
18.01.2014
19.01.2014
20.01.2014
21.01.2014
22.01.2014
23.01.2014
24.01.2014
25.01.2014
26.01.2014
27.01.2014
28.01.2014
29.01.2014
30.01.2014
31.01.2014
01.02.2014
02.02.2014
03.02.2014
04.02.2014
05.02.2014
06.02.2014
07.02.2014
08.02.2014
09.02.2014
10.02.2014
11.02.2014
12.02.2014
13.02.2014
14.02.2014
15.02.2014
16.02.2014
17.02.2014
18.02.2014
19.02.2014
20.02.2014
21.02.2014
22.02.2014
23.02.2014
24.02.2014
25.02.2014
26.02.2014
27.02.2014
28.02.2014
01.03.2014
02.03.2014
03.03.2014
04.03.2014
05.03.2014
06.03.2014
07.03.2014
08.03.2014
09.03.2014
10.03.2014
11.03.2014
12.03.2014
13.03.2014
14.03.2014
15.03.2014
16.03.2014
17.03.2014
18.03.2014
19.03.2014
20.03.2014
21.03.2014
22.03.2014
23.03.2014
24.03.2014
25.03.2014
26.03.2014
27.03.2014
28.03.2014
29.03.2014
30.03.2014
31.03.2014
01.04.2014
02.04.2014
03.04.2014
04.04.2014
05.04.2014
06.04.2014
07.04.2014
08.04.2014
09.04.2014
10.04.2014
11.04.2014
12.04.2014
13.04.2014
14.04.2014
15.04.2014
16.04.2014
17.04.2014
18.04.2014
19.04.2014
20.04.2014
21.04.2014
22.04.2014
23.04.2014
24.04.2014
25.04.2014
26.04.2014
27.04.2014
28.04.2014
29.04.2014
30.04.2014
01.05.2014
02.05.2014
03.05.2014
04.05.2014
05.05.2014
06.05.2014
07.05.2014
08.05.2014
09.05.2014
10.05.2014
11.05.2014
12.05.2014
13.05.2014
14.05.2014
15.05.2014
16.05.2014
17.05.2014
18.05.2014
19.05.2014
20.05.2014
21.05.2014
22.05.2014
23.05.2014
24.05.2014
25.05.2014
26.05.2014
27.05.2014
28.05.2014
29.05.2014
30.05.2014
31.05.2014
01.06.2014
02.06.2014
03.06.2014
04.06.2014
05.06.2014
06.06.2014
07.06.2014
08.06.2014
09.06.2014
10.06.2014
11.06.2014
12.06.2014
13.06.2014
14.06.2014
15.06.2014
16.06.2014
17.06.2014
18.06.2014
19.06.2014
20.06.2014
21.06.2014
22.06.2014
23.06.2014
24.06.2014
25.06.2014
26.06.2014
27.06.2014
28.06.2014
29.06.2014
30.06.2014
01.07.2014
02.07.2014
03.07.2014
04.07.2014
05.07.2014
06.07.2014
07.07.2014
08.07.2014
09.07.2014
10.07.2014
11.07.2014
12.07.2014
13.07.2014
14.07.2014
15.07.2014
16.07.2014
17.07.2014
18.07.2014
19.07.2014
20.07.2014
21.07.2014
22.07.2014
23.07.2014
24.07.2014
25.07.2014
26.07.2014
27.07.2014
28.07.2014
29.07.2014
30.07.2014
31.07.2014
01.08.2014
02.08.2014
03.08.2014
04.08.2014
05.08.2014
06.08.2014
07.08.2014
08.08.2014
09.08.2014
10.08.2014
11.08.2014
12.08.2014
13.08.2014
14.08.2014
15.08.2014
16.08.2014
17.08.2014
18.08.2014
19.08.2014
20.08.2014
21.08.2014
22.08.2014
23.08.2014
24.08.2014
25.08.2014
26.08.2014
27.08.2014
28.08.2014
29.08.2014
30.08.2014
31.08.2014
01.09.2014
02.09.2014
03.09.2014
04.09.2014
05.09.2014
06.09.2014
07.09.2014
08.09.2014
09.09.2014
10.09.2014
11.09.2014
12.09.2014
13.09.2014
14.09.2014
15.09.2014
16.09.2014
17.09.2014
18.09.2014
19.09.2014
20.09.2014
21.09.2014
22.09.2014
23.09.2014
24.09.2014
25.09.2014
26.09.2014
27.09.2014
28.09.2014
29.09.2014
30.09.2014
01.10.2014
02.10.2014
03.10.2014
04.10.2014
05.10.2014
06.10.2014
07.10.2014
08.10.2014
09.10.2014
10.10.2014
11.10.2014
12.10.2014
13.10.2014
14.10.2014
15.10.2014
16.10.2014
17.10.2014
18.10.2014
19.10.2014
20.10.2014
21.10.2014
22.10.2014
23.10.2014
24.10.2014
25.10.2014
26.10.2014
27.10.2014
28.10.2014
29.10.2014
30.10.2014
31.10.2014
01.11.2014
02.11.2014
03.11.2014
04.11.2014
05.11.2014
06.11.2014
07.11.2014
08.11.2014
09.11.2014
10.11.2014
11.11.2014
12.11.2014
13.11.2014
14.11.2014
15.11.2014
16.11.2014
17.11.2014
18.11.2014
19.11.2014
20.11.2014
21.11.2014
22.11.2014
23.11.2014
24.11.2014
25.11.2014
26.11.2014
27.11.2014
28.11.2014
29.11.2014
30.11.2014
01.12.2014
02.12.2014
03.12.2014
04.12.2014
05.12.2014
06.12.2014
07.12.2014
08.12.2014
09.12.2014
10.12.2014
11.12.2014
12.12.2014
13.12.2014
14.12.2014
15.12.2014
16.12.2014
17.12.2014
18.12.2014
19.12.2014
20.12.2014
21.12.2014
22.12.2014
23.12.2014
24.12.2014
25.12.2014
26.12.2014
27.12.2014
28.12.2014
29.12.2014
30.12.2014
31.12.2014
01.01.2015
02.01.2015
03.01.2015
04.01.2015
05.01.2015
06.01.2015
07.01.2015
08.01.2015
09.01.2015
10.01.2015
11.01.2015
12.01.2015
13.01.2015
14.01.2015
15.01.2015
16.01.2015
17.01.2015
18.01.2015
19.01.2015
20.01.2015
21.01.2015
22.01.2015
23.01.2015
24.01.2015
25.01.2015
26.01.2015
27.01.2015
28.01.2015
29.01.2015
30.01.2015
31.01.2015
01.02.2015
02.02.2015
03.02.2015
04.02.2015
05.02.2015
06.02.2015
07.02.2015
08.02.2015
09.02.2015
10.02.2015
11.02.2015
12.02.2015
13.02.2015
14.02.2015
15.02.2015
16.02.2015
17.02.2015
18.02.2015
19.02.2015
20.02.2015
21.02.2015
22.02.2015
23.02.2015
24.02.2015
25.02.2015
26.02.2015
27.02.2015
28.02.2015
01.03.2015
02.03.2015
03.03.2015
04.03.2015
05.03.2015
06.03.2015
07.03.2015
08.03.2015
09.03.2015
10.03.2015
11.03.2015
12.03.2015
13.03.2015
14.03.2015
15.03.2015
16.03.2015
17.03.2015
18.03.2015
19.03.2015
20.03.2015
21.03.2015
22.03.2015
23.03.2015
24.03.2015
25.03.2015
26.03.2015
27.03.2015
28.03.2015
29.03.2015
30.03.2015
31.03.2015
01.04.2015
02.04.2015
03.04.2015
04.04.2015
05.04.2015
06.04.2015
07.04.2015
08.04.2015
09.04.2015
10.04.2015
11.04.2015
12.04.2015
13.04.2015
14.04.2015
15.04.2015
16.04.2015
17.04.2015
18.04.2015
19.04.2015
20.04.2015
21.04.2015
22.04.2015
23.04.2015
24.04.2015
25.04.2015
26.04.2015
27.04.2015
28.04.2015
29.04.2015
30.04.2015
01.05.2015
02.05.2015
03.05.2015
04.05.2015
05.05.2015
06.05.2015
07.05.2015
08.05.2015
09.05.2015
10.05.2015
11.05.2015
12.05.2015
13.05.2015
14.05.2015
15.05.2015
16.05.2015
17.05.2015
18.05.2015
19.05.2015
20.05.2015
21.05.2015
22.05.2015
23.05.2015
24.05.2015
25.05.2015
26.05.2015
27.05.2015
28.05.2015
29.05.2015
30.05.2015
31.05.2015
01.06.2015
02.06.2015
03.06.2015
04.06.2015
05.06.2015
06.06.2015
07.06.2015
08.06.2015
09.06.2015
10.06.2015
11.06.2015
12.06.2015
13.06.2015
14.06.2015
15.06.2015
16.06.2015
17.06.2015
18.06.2015
19.06.2015
20.06.2015
21.06.2015
22.06.2015
23.06.2015
24.06.2015
25.06.2015
26.06.2015
27.06.2015
28.06.2015
29.06.2015
30.06.2015
01.07.2015
02.07.2015
03.07.2015
04.07.2015
05.07.2015
06.07.2015
07.07.2015
08.07.2015
09.07.2015
10.07.2015
11.07.2015
12.07.2015
13.07.2015
14.07.2015
15.07.2015
16.07.2015
17.07.2015
18.07.2015
19.07.2015
20.07.2015
21.07.2015
22.07.2015
23.07.2015
24.07.2015
25.07.2015
26.07.2015
27.07.2015
28.07.2015
29.07.2015
30.07.2015
31.07.2015
01.08.2015
02.08.2015
03.08.2015
04.08.2015
05.08.2015
06.08.2015
07.08.2015
08.08.2015
09.08.2015
10.08.2015
11.08.2015
12.08.2015
13.08.2015
14.08.2015
15.08.2015
16.08.2015
17.08.2015
18.08.2015
19.08.2015
20.08.2015
21.08.2015
22.08.2015
23.08.2015
24.08.2015
25.08.2015
26.08.2015
27.08.2015
28.08.2015
29.08.2015
30.08.2015
31.08.2015
01.09.2015
02.09.2015
03.09.2015
04.09.2015
05.09.2015
06.09.2015
07.09.2015
08.09.2015
09.09.2015
10.09.2015
11.09.2015
12.09.2015
13.09.2015
14.09.2015
15.09.2015
16.09.2015
17.09.2015
18.09.2015
19.09.2015
20.09.2015
21.09.2015
22.09.2015
23.09.2015
24.09.2015
25.09.2015
26.09.2015
27.09.2015
28.09.2015
29.09.2015
30.09.2015
01.10.2015
02.10.2015
03.10.2015
04.10.2015
05.10.2015
06.10.2015
07.10.2015
08.10.2015
09.10.2015
10.10.2015
11.10.2015
12.10.2015
13.10.2015
14.10.2015
15.10.2015
16.10.2015
17.10.2015
18.10.2015
19.10.2015
20.10.2015
21.10.2015
22.10.2015
23.10.2015
24.10.2015
25.10.2015
26.10.2015
27.10.2015
28.10.2015
29.10.2015
30.10.2015
31.10.2015
01.11.2015
02.11.2015
03.11.2015
04.11.2015
05.11.2015
06.11.2015
07.11.2015
08.11.2015
09.11.2015
10.11.2015
11.11.2015
12.11.2015
13.11.2015
14.11.2015
15.11.2015
16.11.2015
17.11.2015
18.11.2015
19.11.2015
20.11.2015
21.11.2015
22.11.2015
23.11.2015
24.11.2015
25.11.2015
26.11.2015
27.11.2015
28.11.2015
29.11.2015
30.11.2015
01.12.2015
02.12.2015
03.12.2015
04.12.2015
05.12.2015
06.12.2015
07.12.2015
08.12.2015
09.12.2015
10.12.2015
11.12.2015
12.12.2015
13.12.2015
14.12.2015
15.12.2015
16.12.2015
17.12.2015
18.12.2015
19.12.2015
20.12.2015
21.12.2015
22.12.2015
23.12.2015
24.12.2015
25.12.2015
26.12.2015
27.12.2015
28.12.2015
29.12.2015
30.12.2015
31.12.2015
01.01.2016
02.01.2016
03.01.2016
04.01.2016
05.01.2016
06.01.2016
07.01.2016
08.01.2016
09.01.2016
10.01.2016
11.01.2016
12.01.2016
13.01.2016
14.01.2016
15.01.2016
16.01.2016
17.01.2016
18.01.2016
19.01.2016
20.01.2016
21.01.2016
22.01.2016
23.01.2016
24.01.2016
25.01.2016
26.01.2016
27.01.2016
28.01.2016
29.01.2016
30.01.2016
31.01.2016
01.02.2016
02.02.2016
03.02.2016
04.02.2016
05.02.2016
06.02.2016
07.02.2016
08.02.2016
09.02.2016
10.02.2016
11.02.2016
12.02.2016
13.02.2016
14.02.2016
15.02.2016
16.02.2016
17.02.2016
18.02.2016
19.02.2016
20.02.2016
21.02.2016
22.02.2016
23.02.2016
24.02.2016
25.02.2016
26.02.2016
27.02.2016
28.02.2016
29.02.2016
01.03.2016
02.03.2016
03.03.2016
04.03.2016
05.03.2016
06.03.2016
07.03.2016
08.03.2016
09.03.2016
10.03.2016
11.03.2016
12.03.2016
13.03.2016
14.03.2016
15.03.2016
16.03.2016
17.03.2016
18.03.2016
19.03.2016
20.03.2016
21.03.2016
22.03.2016
23.03.2016
24.03.2016
25.03.2016
26.03.2016
27.03.2016
28.03.2016
29.03.2016
30.03.2016
31.03.2016
01.04.2016
02.04.2016
03.04.2016
04.04.2016
05.04.2016
06.04.2016
07.04.2016
08.04.2016
09.04.2016
10.04.2016
11.04.2016
12.04.2016
13.04.2016
14.04.2016
15.04.2016
16.04.2016
17.04.2016
18.04.2016
19.04.2016
20.04.2016
21.04.2016
22.04.2016
23.04.2016
24.04.2016
25.04.2016
26.04.2016
27.04.2016
28.04.2016
29.04.2016
30.04.2016
01.05.2016
02.05.2016
03.05.2016
04.05.2016
05.05.2016
06.05.2016
07.05.2016
08.05.2016
09.05.2016
10.05.2016
11.05.2016
12.05.2016
13.05.2016
14.05.2016
15.05.2016
16.05.2016
17.05.2016
18.05.2016
19.05.2016
20.05.2016
21.05.2016
22.05.2016
23.05.2016
24.05.2016
25.05.2016
26.05.2016
27.05.2016
28.05.2016
29.05.2016
30.05.2016
31.05.2016
01.06.2016
02.06.2016
03.06.2016
04.06.2016
05.06.2016
06.06.2016
07.06.2016
08.06.2016
09.06.2016
10.06.2016
11.06.2016
12.06.2016
13.06.2016
14.06.2016
15.06.2016
16.06.2016
17.06.2016
18.06.2016
19.06.2016
20.06.2016
21.06.2016
22.06.2016
23.06.2016
24.06.2016
25.06.2016
26.06.2016
27.06.2016
28.06.2016
29.06.2016
30.06.2016
01.07.2016
02.07.2016
03.07.2016
04.07.2016
05.07.2016
06.07.2016
07.07.2016
08.07.2016
09.07.2016
10.07.2016
11.07.2016
12.07.2016
13.07.2016
14.07.2016
15.07.2016
16.07.2016
17.07.2016
18.07.2016
19.07.2016
20.07.2016
21.07.2016
22.07.2016
23.07.2016
24.07.2016
25.07.2016
26.07.2016
27.07.2016
28.07.2016
29.07.2016
30.07.2016
31.07.2016
01.08.2016
02.08.2016
03.08.2016
04.08.2016
05.08.2016
06.08.2016
07.08.2016
08.08.2016
09.08.2016
10.08.2016
11.08.2016
12.08.2016
13.08.2016
14.08.2016
15.08.2016
16.08.2016
17.08.2016
18.08.2016
19.08.2016
20.08.2016
21.08.2016
22.08.2016
23.08.2016
24.08.2016
25.08.2016
26.08.2016
27.08.2016
28.08.2016
29.08.2016
30.08.2016
31.08.2016
01.09.2016
02.09.2016
03.09.2016
04.09.2016
05.09.2016
06.09.2016
07.09.2016
08.09.2016
09.09.2016
10.09.2016
11.09.2016
12.09.2016
13.09.2016
14.09.2016
15.09.2016
16.09.2016
17.09.2016
18.09.2016
19.09.2016
20.09.2016
21.09.2016
22.09.2016
23.09.2016
24.09.2016
25.09.2016
26.09.2016
27.09.2016
28.09.2016
29.09.2016
30.09.2016
01.10.2016
02.10.2016
03.10.2016
04.10.2016
05.10.2016
06.10.2016
07.10.2016
08.10.2016
09.10.2016
10.10.2016
11.10.2016
12.10.2016
13.10.2016
14.10.2016
15.10.2016
16.10.2016
17.10.2016
18.10.2016
19.10.2016
20.10.2016
21.10.2016
22.10.2016
23.10.2016
24.10.2016
25.10.2016
26.10.2016
27.10.2016
28.10.2016
29.10.2016
30.10.2016
31.10.2016
01.11.2016
02.11.2016
03.11.2016
04.11.2016
05.11.2016
06.11.2016
07.11.2016
08.11.2016
09.11.2016
10.11.2016
11.11.2016
12.11.2016
13.11.2016
14.11.2016
15.11.2016
16.11.2016
17.11.2016
18.11.2016
19.11.2016
20.11.2016
21.11.2016
22.11.2016
23.11.2016
24.11.2016
25.11.2016
26.11.2016
27.11.2016
28.11.2016
29.11.2016
30.11.2016
01.12.2016
02.12.2016
03.12.2016
04.12.2016
05.12.2016
06.12.2016
07.12.2016
08.12.2016
09.12.2016
10.12.2016
11.12.2016
12.12.2016
13.12.2016
14.12.2016
15.12.2016
16.12.2016
17.12.2016
18.12.2016
19.12.2016
20.12.2016
21.12.2016
22.12.2016
23.12.2016
24.12.2016
25.12.2016
26.12.2016
27.12.2016
28.12.2016
29.12.2016
30.12.2016
31.12.2016
01.01.2017
02.01.2017
03.01.2017
04.01.2017
05.01.2017
06.01.2017
07.01.2017
08.01.2017
09.01.2017
10.01.2017
11.01.2017
12.01.2017
13.01.2017
14.01.2017
15.01.2017
16.01.2017
17.01.2017
18.01.2017
19.01.2017
20.01.2017
21.01.2017
22.01.2017
23.01.2017
24.01.2017
25.01.2017
26.01.2017
27.01.2017
28.01.2017
29.01.2017
30.01.2017
31.01.2017
01.02.2017
02.02.2017
03.02.2017
04.02.2017
05.02.2017
06.02.2017
07.02.2017
08.02.2017
09.02.2017
10.02.2017
11.02.2017
12.02.2017
13.02.2017
14.02.2017
15.02.2017
16.02.2017
17.02.2017
18.02.2017
19.02.2017
20.02.2017
21.02.2017
22.02.2017
23.02.2017
24.02.2017
25.02.2017
26.02.2017
27.02.2017
28.02.2017
01.03.2017
02.03.2017
03.03.2017
04.03.2017
05.03.2017
06.03.2017
07.03.2017
08.03.2017
09.03.2017
10.03.2017
11.03.2017
12.03.2017
13.03.2017
14.03.2017
15.03.2017
16.03.2017
17.03.2017
18.03.2017
19.03.2017
20.03.2017
21.03.2017
22.03.2017
23.03.2017
24.03.2017
25.03.2017
26.03.2017
27.03.2017
28.03.2017
29.03.2017
30.03.2017
31.03.2017
01.04.2017
02.04.2017
03.04.2017
04.04.2017
05.04.2017
06.04.2017
07.04.2017
08.04.2017
09.04.2017
10.04.2017
11.04.2017
12.04.2017
13.04.2017
14.04.2017
15.04.2017
16.04.2017
17.04.2017
18.04.2017
19.04.2017
20.04.2017
21.04.2017
22.04.2017
23.04.2017
24.04.2017
25.04.2017
26.04.2017
27.04.2017
28.04.2017
29.04.2017
30.04.2017
01.05.2017
02.05.2017
03.05.2017
04.05.2017
05.05.2017
06.05.2017
07.05.2017
08.05.2017
09.05.2017
10.05.2017
11.05.2017
12.05.2017
13.05.2017
14.05.2017
15.05.2017
16.05.2017
17.05.2017
18.05.2017
19.05.2017
20.05.2017
21.05.2017
22.05.2017
23.05.2017
24.05.2017
25.05.2017
26.05.2017
27.05.2017
28.05.2017
29.05.2017
30.05.2017
31.05.2017
01.06.2017
02.06.2017
03.06.2017
04.06.2017
05.06.2017
06.06.2017
07.06.2017
08.06.2017
09.06.2017
10.06.2017
11.06.2017
12.06.2017
13.06.2017
14.06.2017
15.06.2017
16.06.2017
17.06.2017
18.06.2017
19.06.2017
20.06.2017
21.06.2017
22.06.2017
23.06.2017
24.06.2017
25.06.2017
26.06.2017
27.06.2017
28.06.2017
29.06.2017
30.06.2017
01.07.2017
02.07.2017
03.07.2017
04.07.2017
05.07.2017
06.07.2017
07.07.2017
08.07.2017
09.07.2017
10.07.2017
11.07.2017
12.07.2017
13.07.2017
14.07.2017
15.07.2017
16.07.2017
17.07.2017
18.07.2017
19.07.2017
20.07.2017
21.07.2017
22.07.2017
23.07.2017
24.07.2017
25.07.2017
26.07.2017
27.07.2017
28.07.2017
29.07.2017
30.07.2017
31.07.2017
01.08.2017
02.08.2017
03.08.2017
04.08.2017
05.08.2017
06.08.2017
07.08.2017
08.08.2017
09.08.2017
10.08.2017
11.08.2017
12.08.2017
13.08.2017
14.08.2017
15.08.2017
16.08.2017
17.08.2017
18.08.2017
19.08.2017
20.08.2017
21.08.2017
22.08.2017
23.08.2017
24.08.2017
25.08.2017
26.08.2017
27.08.2017
28.08.2017
29.08.2017
30.08.2017
31.08.2017
01.09.2017
02.09.2017
03.09.2017
04.09.2017
05.09.2017
06.09.2017
07.09.2017
08.09.2017
09.09.2017
10.09.2017
11.09.2017
12.09.2017
13.09.2017
14.09.2017
15.09.2017
16.09.2017
17.09.2017
18.09.2017
19.09.2017
20.09.2017
21.09.2017
22.09.2017
23.09.2017
24.09.2017
25.09.2017
26.09.2017
27.09.2017
28.09.2017
29.09.2017
30.09.2017
01.10.2017
02.10.2017
03.10.2017
04.10.2017
05.10.2017
06.10.2017
07.10.2017
08.10.2017
09.10.2017
10.10.2017
11.10.2017
12.10.2017
13.10.2017
14.10.2017
15.10.2017
16.10.2017
17.10.2017
18.10.2017
19.10.2017
20.10.2017
21.10.2017
22.10.2017
23.10.2017
24.10.2017
25.10.2017
26.10.2017
27.10.2017
28.10.2017
29.10.2017
30.10.2017
31.10.2017
01.11.2017
02.11.2017
03.11.2017
04.11.2017
05.11.2017
06.11.2017
07.11.2017
08.11.2017
09.11.2017
10.11.2017
11.11.2017
12.11.2017
13.11.2017
14.11.2017
15.11.2017
16.11.2017
17.11.2017
18.11.2017
19.11.2017
20.11.2017
21.11.2017
22.11.2017
23.11.2017
24.11.2017
25.11.2017
26.11.2017
27.11.2017
28.11.2017
29.11.2017
30.11.2017
01.12.2017
02.12.2017
03.12.2017
04.12.2017
05.12.2017
06.12.2017
07.12.2017
08.12.2017
09.12.2017
10.12.2017
11.12.2017
12.12.2017
13.12.2017
14.12.2017
15.12.2017
16.12.2017
17.12.2017
18.12.2017
19.12.2017
20.12.2017
21.12.2017
22.12.2017
23.12.2017
24.12.2017
25.12.2017
26.12.2017
27.12.2017
28.12.2017
29.12.2017
30.12.2017
31.12.2017
01.01.2018
02.01.2018
03.01.2018
04.01.2018
05.01.2018
06.01.2018
07.01.2018
08.01.2018
09.01.2018
10.01.2018
11.01.2018
12.01.2018
13.01.2018
14.01.2018
15.01.2018
16.01.2018
17.01.2018
18.01.2018
19.01.2018
20.01.2018
21.01.2018
22.01.2018
23.01.2018
24.01.2018
25.01.2018
26.01.2018
27.01.2018
28.01.2018
29.01.2018
30.01.2018
31.01.2018
01.02.2018
02.02.2018
03.02.2018
04.02.2018
05.02.2018
06.02.2018
07.02.2018
08.02.2018
09.02.2018
10.02.2018
11.02.2018
12.02.2018
13.02.2018
14.02.2018
15.02.2018
16.02.2018
17.02.2018
18.02.2018
19.02.2018
20.02.2018
21.02.2018
22.02.2018
23.02.2018
24.02.2018
25.02.2018
26.02.2018
27.02.2018
28.02.2018
01.03.2018
02.03.2018
03.03.2018
04.03.2018
05.03.2018
06.03.2018
07.03.2018
08.03.2018
09.03.2018
10.03.2018
11.03.2018
12.03.2018
13.03.2018
14.03.2018
15.03.2018
16.03.2018
17.03.2018
18.03.2018
19.03.2018
20.03.2018
21.03.2018
22.03.2018
23.03.2018
24.03.2018
25.03.2018
26.03.2018
27.03.2018
28.03.2018
29.03.2018
30.03.2018
31.03.2018
01.04.2018
02.04.2018
03.04.2018
04.04.2018
05.04.2018
06.04.2018
07.04.2018
08.04.2018
09.04.2018
10.04.2018
11.04.2018
12.04.2018
13.04.2018
14.04.2018
15.04.2018
16.04.2018
17.04.2018
18.04.2018
19.04.2018
20.04.2018
21.04.2018
22.04.2018
23.04.2018
24.04.2018
25.04.2018
26.04.2018
27.04.2018
28.04.2018
29.04.2018
30.04.2018
01.05.2018
02.05.2018
03.05.2018
04.05.2018
05.05.2018
06.05.2018
07.05.2018
08.05.2018
09.05.2018
10.05.2018
11.05.2018
12.05.2018
13.05.2018
14.05.2018
15.05.2018
16.05.2018
17.05.2018
18.05.2018
19.05.2018
20.05.2018
21.05.2018
22.05.2018
23.05.2018
24.05.2018
25.05.2018
26.05.2018
27.05.2018
28.05.2018
29.05.2018
30.05.2018
31.05.2018
01.06.2018
02.06.2018
03.06.2018
04.06.2018
05.06.2018
06.06.2018
07.06.2018
08.06.2018
09.06.2018
10.06.2018
11.06.2018
12.06.2018
13.06.2018
14.06.2018
15.06.2018
16.06.2018
17.06.2018
18.06.2018
19.06.2018
20.06.2018
21.06.2018
22.06.2018
23.06.2018
24.06.2018
25.06.2018
26.06.2018
27.06.2018
28.06.2018
29.06.2018
30.06.2018
01.07.2018
02.07.2018
03.07.2018
04.07.2018
05.07.2018
06.07.2018
07.07.2018
08.07.2018
09.07.2018
10.07.2018
11.07.2018
12.07.2018
13.07.2018
14.07.2018
15.07.2018
16.07.2018
17.07.2018
18.07.2018
19.07.2018
20.07.2018
21.07.2018
22.07.2018
23.07.2018
24.07.2018
25.07.2018
26.07.2018
27.07.2018
28.07.2018
29.07.2018
30.07.2018
31.07.2018
01.08.2018
02.08.2018
03.08.2018
04.08.2018
05.08.2018
06.08.2018
07.08.2018
08.08.2018
09.08.2018
10.08.2018
11.08.2018
12.08.2018
13.08.2018
14.08.2018
15.08.2018
16.08.2018
17.08.2018
18.08.2018
19.08.2018
20.08.2018
21.08.2018
22.08.2018
23.08.2018
24.08.2018
25.08.2018
26.08.2018
27.08.2018
28.08.2018
29.08.2018
30.08.2018
31.08.2018
01.09.2018
02.09.2018
03.09.2018
04.09.2018
05.09.2018
06.09.2018
07.09.2018
08.09.2018
09.09.2018
10.09.2018
11.09.2018
12.09.2018
13.09.2018
14.09.2018
15.09.2018
16.09.2018
17.09.2018
18.09.2018
19.09.2018
20.09.2018
21.09.2018
22.09.2018
23.09.2018
24.09.2018
25.09.2018
26.09.2018
27.09.2018
28.09.2018
29.09.2018
30.09.2018
01.10.2018
02.10.2018
03.10.2018
04.10.2018
05.10.2018
06.10.2018
07.10.2018
08.10.2018
09.10.2018
10.10.2018
11.10.2018
12.10.2018
13.10.2018
14.10.2018
15.10.2018
16.10.2018
17.10.2018
18.10.2018
19.10.2018
20.10.2018
21.10.2018
22.10.2018
23.10.2018
24.10.2018
25.10.2018
26.10.2018
27.10.2018
28.10.2018
29.10.2018
30.10.2018
31.10.2018
01.11.2018
02.11.2018
03.11.2018
04.11.2018
05.11.2018
06.11.2018
07.11.2018
08.11.2018
09.11.2018
10.11.2018
11.11.2018
12.11.2018
13.11.2018
14.11.2018
15.11.2018
16.11.2018
17.11.2018
18.11.2018
19.11.2018
20.11.2018
21.11.2018
22.11.2018
23.11.2018
24.11.2018
25.11.2018
26.11.2018
27.11.2018
28.11.2018
29.11.2018
30.11.2018
01.12.2018
02.12.2018
03.12.2018
04.12.2018
05.12.2018
06.12.2018
07.12.2018
08.12.2018
09.12.2018
10.12.2018
11.12.2018
12.12.2018
13.12.2018
14.12.2018
15.12.2018
16.12.2018
17.12.2018
18.12.2018
19.12.2018
20.12.2018
21.12.2018
22.12.2018
23.12.2018
24.12.2018
25.12.2018
26.12.2018
27.12.2018
28.12.2018
29.12.2018
30.12.2018
31.12.2018
01.01.2019
02.01.2019
03.01.2019
04.01.2019
05.01.2019
06.01.2019
07.01.2019
08.01.2019
09.01.2019
10.01.2019
11.01.2019
12.01.2019
13.01.2019
14.01.2019
15.01.2019
16.01.2019
17.01.2019
18.01.2019
19.01.2019
20.01.2019
21.01.2019
22.01.2019
23.01.2019
24.01.2019
25.01.2019
26.01.2019
27.01.2019
28.01.2019
29.01.2019
30.01.2019
31.01.2019
01.02.2019
02.02.2019
03.02.2019
04.02.2019
05.02.2019
06.02.2019
07.02.2019
08.02.2019
09.02.2019
10.02.2019
11.02.2019
12.02.2019
13.02.2019
14.02.2019
15.02.2019
16.02.2019
17.02.2019
18.02.2019
19.02.2019
20.02.2019
21.02.2019
22.02.2019
23.02.2019
24.02.2019
25.02.2019
26.02.2019
27.02.2019
28.02.2019
01.03.2019
02.03.2019
03.03.2019
04.03.2019
05.03.2019
06.03.2019
07.03.2019
08.03.2019
09.03.2019
10.03.2019
11.03.2019
12.03.2019
13.03.2019
14.03.2019
15.03.2019
16.03.2019
17.03.2019
18.03.2019
19.03.2019
20.03.2019
21.03.2019
22.03.2019
23.03.2019
24.03.2019
25.03.2019
26.03.2019
27.03.2019
28.03.2019
29.03.2019
30.03.2019
31.03.2019
01.04.2019
02.04.2019
03.04.2019
04.04.2019
05.04.2019
06.04.2019
07.04.2019
08.04.2019
09.04.2019
10.04.2019
11.04.2019
12.04.2019
13.04.2019
14.04.2019
15.04.2019
16.04.2019
17.04.2019
18.04.2019
19.04.2019
20.04.2019
21.04.2019
22.04.2019
23.04.2019
24.04.2019
25.04.2019
26.04.2019
27.04.2019
28.04.2019
29.04.2019
30.04.2019
01.05.2019
02.05.2019
03.05.2019
04.05.2019
05.05.2019
06.05.2019
07.05.2019
08.05.2019
09.05.2019
10.05.2019
11.05.2019
12.05.2019
13.05.2019
14.05.2019
15.05.2019
16.05.2019
17.05.2019
18.05.2019
19.05.2019
20.05.2019
21.05.2019
22.05.2019
23.05.2019
24.05.2019
25.05.2019
26.05.2019
27.05.2019
28.05.2019
29.05.2019
30.05.2019
31.05.2019
01.06.2019
02.06.2019
03.06.2019
04.06.2019
05.06.2019
06.06.2019
07.06.2019
08.06.2019
09.06.2019
10.06.2019
11.06.2019
12.06.2019
13.06.2019
14.06.2019
15.06.2019
16.06.2019
17.06.2019
18.06.2019
19.06.2019
20.06.2019
21.06.2019
22.06.2019
23.06.2019
24.06.2019
25.06.2019
26.06.2019
27.06.2019
28.06.2019
29.06.2019
30.06.2019
01.07.2019
02.07.2019
03.07.2019
04.07.2019
05.07.2019
06.07.2019
07.07.2019
08.07.2019
09.07.2019
10.07.2019
11.07.2019
12.07.2019
13.07.2019
14.07.2019
15.07.2019
16.07.2019
17.07.2019
18.07.2019
19.07.2019
20.07.2019
21.07.2019
22.07.2019
23.07.2019
24.07.2019
25.07.2019
26.07.2019
27.07.2019
28.07.2019
29.07.2019
30.07.2019
31.07.2019
01.08.2019
02.08.2019
03.08.2019
04.08.2019
05.08.2019
06.08.2019
07.08.2019
08.08.2019
09.08.2019
10.08.2019
11.08.2019
12.08.2019
13.08.2019
14.08.2019
15.08.2019
16.08.2019
17.08.2019
18.08.2019
19.08.2019
20.08.2019
21.08.2019
22.08.2019
23.08.2019
24.08.2019
25.08.2019
26.08.2019
27.08.2019
28.08.2019
29.08.2019
30.08.2019
31.08.2019
01.09.2019
02.09.2019
03.09.2019
04.09.2019
05.09.2019
06.09.2019
07.09.2019
08.09.2019
09.09.2019
10.09.2019
11.09.2019
12.09.2019
13.09.2019
14.09.2019
15.09.2019
16.09.2019
17.09.2019
18.09.2019
19.09.2019
20.09.2019
21.09.2019
22.09.2019
23.09.2019
24.09.2019
25.09.2019
26.09.2019
27.09.2019
28.09.2019
29.09.2019
30.09.2019
01.10.2019
02.10.2019
03.10.2019
04.10.2019
05.10.2019
06.10.2019
07.10.2019
08.10.2019
09.10.2019
10.10.2019
11.10.2019
12.10.2019
13.10.2019
14.10.2019
15.10.2019
16.10.2019
17.10.2019
18.10.2019
19.10.2019
20.10.2019
21.10.2019
22.10.2019
23.10.2019
24.10.2019
25.10.2019
26.10.2019
27.10.2019
28.10.2019
29.10.2019
30.10.2019
31.10.2019
01.11.2019
02.11.2019
03.11.2019
04.11.2019
05.11.2019
06.11.2019
07.11.2019
08.11.2019
09.11.2019
10.11.2019
11.11.2019
12.11.2019
13.11.2019
14.11.2019
15.11.2019
16.11.2019
17.11.2019
18.11.2019
19.11.2019
20.11.2019
21.11.2019
22.11.2019
23.11.2019
24.11.2019
25.11.2019
26.11.2019
27.11.2019
28.11.2019
29.11.2019
30.11.2019
01.12.2019
02.12.2019
03.12.2019
04.12.2019
05.12.2019
06.12.2019
07.12.2019
08.12.2019
09.12.2019
10.12.2019
11.12.2019
12.12.2019
13.12.2019
14.12.2019
15.12.2019
16.12.2019
17.12.2019
18.12.2019
19.12.2019
20.12.2019
21.12.2019
22.12.2019
23.12.2019
24.12.2019
25.12.2019
26.12.2019
27.12.2019
28.12.2019
29.12.2019
30.12.2019
31.12.2019
01.01.2020
02.01.2020
03.01.2020
04.01.2020
05.01.2020
06.01.2020
07.01.2020
08.01.2020
09.01.2020
10.01.2020
11.01.2020
12.01.2020
13.01.2020
14.01.2020
15.01.2020
16.01.2020
17.01.2020
18.01.2020
19.01.2020
20.01.2020
21.01.2020
22.01.2020
23.01.2020
24.01.2020
25.01.2020
26.01.2020
27.01.2020
28.01.2020
29.01.2020
30.01.2020
31.01.2020
01.02.2020
02.02.2020
03.02.2020
04.02.2020
05.02.2020
06.02.2020
07.02.2020
08.02.2020
09.02.2020
10.02.2020
11.02.2020
12.02.2020
13.02.2020
14.02.2020
15.02.2020
16.02.2020
17.02.2020
18.02.2020
19.02.2020
20.02.2020
21.02.2020
22.02.2020
23.02.2020
24.02.2020
25.02.2020
26.02.2020
27.02.2020
28.02.2020
29.02.2020
01.03.2020
02.03.2020
03.03.2020
04.03.2020
05.03.2020
06.03.2020
07.03.2020
08.03.2020
09.03.2020
10.03.2020
11.03.2020
12.03.2020
13.03.2020
14.03.2020
15.03.2020
16.03.2020
17.03.2020
18.03.2020
19.03.2020
20.03.2020
21.03.2020
22.03.2020
23.03.2020
24.03.2020
25.03.2020
26.03.2020
27.03.2020
28.03.2020
29.03.2020
30.03.2020
31.03.2020
01.04.2020
02.04.2020
03.04.2020
04.04.2020
05.04.2020
06.04.2020
07.04.2020
08.04.2020
09.04.2020
10.04.2020
11.04.2020
12.04.2020
13.04.2020
14.04.2020
15.04.2020
16.04.2020
17.04.2020
18.04.2020
19.04.2020
20.04.2020
21.04.2020
22.04.2020
23.04.2020
24.04.2020
25.04.2020
26.04.2020
27.04.2020
28.04.2020
29.04.2020
30.04.2020
01.05.2020
02.05.2020
03.05.2020
04.05.2020
05.05.2020
06.05.2020
07.05.2020
08.05.2020
09.05.2020
10.05.2020
11.05.2020
12.05.2020
13.05.2020
14.05.2020
15.05.2020
16.05.2020
17.05.2020
18.05.2020
19.05.2020
20.05.2020
21.05.2020
22.05.2020
23.05.2020
24.05.2020
25.05.2020
26.05.2020
27.05.2020
28.05.2020
29.05.2020
30.05.2020
31.05.2020
01.06.2020
02.06.2020
03.06.2020
04.06.2020
05.06.2020
06.06.2020
07.06.2020
08.06.2020
09.06.2020
10.06.2020
11.06.2020
12.06.2020
13.06.2020
14.06.2020
15.06.2020
16.06.2020
17.06.2020
18.06.2020
19.06.2020
20.06.2020
21.06.2020
22.06.2020
23.06.2020
24.06.2020
25.06.2020
26.06.2020
27.06.2020
28.06.2020
29.06.2020
30.06.2020
01.07.2020
02.07.2020
03.07.2020
04.07.2020
05.07.2020
06.07.2020
07.07.2020
08.07.2020
09.07.2020
10.07.2020
11.07.2020
12.07.2020
13.07.2020
14.07.2020
15.07.2020
16.07.2020
17.07.2020
18.07.2020
19.07.2020
20.07.2020
21.07.2020
22.07.2020
23.07.2020
24.07.2020
25.07.2020
26.07.2020
27.07.2020
28.07.2020
29.07.2020
30.07.2020
31.07.2020
01.08.2020
02.08.2020
03.08.2020
04.08.2020
05.08.2020
06.08.2020
07.08.2020
08.08.2020
09.08.2020
10.08.2020
11.08.2020
12.08.2020
13.08.2020
14.08.2020
15.08.2020
16.08.2020
17.08.2020
18.08.2020
19.08.2020
20.08.2020
21.08.2020
22.08.2020
23.08.2020
24.08.2020
25.08.2020
26.08.2020
27.08.2020
28.08.2020
29.08.2020
30.08.2020
31.08.2020
01.09.2020
02.09.2020
03.09.2020
04.09.2020
05.09.2020
06.09.2020
07.09.2020
08.09.2020
09.09.2020
10.09.2020
11.09.2020
12.09.2020
13.09.2020
14.09.2020
15.09.2020
16.09.2020
17.09.2020
18.09.2020
19.09.2020
20.09.2020
21.09.2020
22.09.2020
23.09.2020
24.09.2020
25.09.2020
26.09.2020
27.09.2020
28.09.2020
29.09.2020
30.09.2020
01.10.2020
02.10.2020
03.10.2020
04.10.2020
05.10.2020
06.10.2020
07.10.2020
08.10.2020
09.10.2020
10.10.2020
11.10.2020
12.10.2020
13.10.2020
14.10.2020
15.10.2020
16.10.2020
17.10.2020
18.10.2020
19.10.2020
20.10.2020
21.10.2020
22.10.2020
23.10.2020
24.10.2020
25.10.2020
26.10.2020
27.10.2020
28.10.2020
29.10.2020
30.10.2020
31.10.2020
01.11.2020
02.11.2020
03.11.2020
04.11.2020
05.11.2020
06.11.2020
07.11.2020
08.11.2020
09.11.2020
10.11.2020
11.11.2020
12.11.2020
13.11.2020
14.11.2020
15.11.2020
16.11.2020
17.11.2020
18.11.2020
19.11.2020
20.11.2020
21.11.2020
22.11.2020
23.11.2020
24.11.2020
25.11.2020
26.11.2020
27.11.2020
28.11.2020
29.11.2020
30.11.2020
01.12.2020
02.12.2020
03.12.2020
04.12.2020
05.12.2020
06.12.2020
07.12.2020
08.12.2020
09.12.2020
10.12.2020
11.12.2020
12.12.2020
13.12.2020
14.12.2020
15.12.2020
16.12.2020
17.12.2020
18.12.2020
19.12.2020
20.12.2020
21.12.2020
22.12.2020
23.12.2020
24.12.2020
25.12.2020
26.12.2020
27.12.2020
28.12.2020
29.12.2020
30.12.2020
31.12.2020
01.01.2021
02.01.2021
03.01.2021
04.01.2021
05.01.2021
06.01.2021
07.01.2021
08.01.2021
09.01.2021
10.01.2021
11.01.2021
12.01.2021
13.01.2021
14.01.2021
15.01.2021
16.01.2021
17.01.2021
18.01.2021
19.01.2021
20.01.2021
21.01.2021
22.01.2021
23.01.2021
24.01.2021
25.01.2021
26.01.2021
27.01.2021
28.01.2021
29.01.2021
30.01.2021
31.01.2021
01.02.2021
02.02.2021
03.02.2021
04.02.2021
05.02.2021
06.02.2021
07.02.2021
08.02.2021
09.02.2021
10.02.2021
11.02.2021
12.02.2021
13.02.2021
14.02.2021
15.02.2021
16.02.2021
17.02.2021
18.02.2021
19.02.2021
20.02.2021
21.02.2021
22.02.2021
23.02.2021
24.02.2021
25.02.2021
26.02.2021
27.02.2021
28.02.2021
01.03.2021
02.03.2021
03.03.2021
04.03.2021
05.03.2021
06.03.2021
07.03.2021
08.03.2021
09.03.2021
10.03.2021
11.03.2021
12.03.2021
13.03.2021
14.03.2021
15.03.2021
16.03.2021
17.03.2021
18.03.2021
19.03.2021
20.03.2021
21.03.2021
22.03.2021
23.03.2021
24.03.2021
25.03.2021
26.03.2021
27.03.2021
28.03.2021
29.03.2021
30.03.2021
31.03.2021
01.04.2021
02.04.2021
03.04.2021
04.04.2021
05.04.2021
06.04.2021
07.04.2021
08.04.2021
09.04.2021
10.04.2021
11.04.2021
12.04.2021
13.04.2021
14.04.2021
15.04.2021
16.04.2021
17.04.2021
18.04.2021
19.04.2021
20.04.2021
21.04.2021
22.04.2021
23.04.2021
24.04.2021
25.04.2021
26.04.2021
27.04.2021
28.04.2021
29.04.2021
30.04.2021
01.05.2021
02.05.2021
03.05.2021
04.05.2021
05.05.2021
06.05.2021
07.05.2021
08.05.2021
09.05.2021
10.05.2021
11.05.2021
12.05.2021
13.05.2021
14.05.2021
15.05.2021
16.05.2021
17.05.2021
18.05.2021
19.05.2021
20.05.2021
21.05.2021
22.05.2021
23.05.2021
24.05.2021
25.05.2021
26.05.2021
27.05.2021
28.05.2021
29.05.2021
30.05.2021
31.05.2021
01.06.2021
02.06.2021
03.06.2021
04.06.2021
05.06.2021
06.06.2021
07.06.2021
08.06.2021
09.06.2021
10.06.2021
11.06.2021
12.06.2021
13.06.2021
14.06.2021
15.06.2021
16.06.2021
17.06.2021
18.06.2021
19.06.2021
20.06.2021
21.06.2021
22.06.2021
23.06.2021
24.06.2021
25.06.2021
26.06.2021
27.06.2021
28.06.2021
29.06.2021
30.06.2021
01.07.2021
02.07.2021
03.07.2021
04.07.2021
05.07.2021
06.07.2021
07.07.2021
08.07.2021
09.07.2021
10.07.2021
11.07.2021
12.07.2021
13.07.2021
14.07.2021
15.07.2021
16.07.2021
17.07.2021
18.07.2021
19.07.2021
20.07.2021
21.07.2021
22.07.2021
23.07.2021
24.07.2021
25.07.2021
26.07.2021
27.07.2021
28.07.2021
29.07.2021
30.07.2021
31.07.2021
01.08.2021
02.08.2021
03.08.2021
04.08.2021
05.08.2021
06.08.2021
07.08.2021
08.08.2021
09.08.2021
10.08.2021
11.08.2021
12.08.2021
13.08.2021
14.08.2021
15.08.2021
16.08.2021
17.08.2021
18.08.2021
19.08.2021
20.08.2021
21.08.2021
22.08.2021
23.08.2021
24.08.2021
25.08.2021
26.08.2021
27.08.2021
28.08.2021
29.08.2021
30.08.2021
31.08.2021
01.09.2021
02.09.2021
03.09.2021
04.09.2021
05.09.2021
06.09.2021
07.09.2021
08.09.2021
09.09.2021
10.09.2021
11.09.2021
12.09.2021
13.09.2021
14.09.2021
15.09.2021
16.09.2021
17.09.2021
18.09.2021
19.09.2021
20.09.2021
21.09.2021
22.09.2021
23.09.2021
24.09.2021
25.09.2021
26.09.2021
27.09.2021
28.09.2021
29.09.2021
30.09.2021
01.10.2021
02.10.2021
03.10.2021
04.10.2021
05.10.2021
06.10.2021
07.10.2021
08.10.2021
09.10.2021
10.10.2021
11.10.2021
12.10.2021
13.10.2021
14.10.2021
15.10.2021
16.10.2021
17.10.2021
18.10.2021
19.10.2021
20.10.2021
21.10.2021
22.10.2021
23.10.2021
24.10.2021
25.10.2021
26.10.2021
27.10.2021
28.10.2021
29.10.2021
30.10.2021
31.10.2021
01.11.2021
02.11.2021
03.11.2021
04.11.2021
05.11.2021
06.11.2021
07.11.2021
08.11.2021
09.11.2021
10.11.2021
11.11.2021
12.11.2021
13.11.2021
14.11.2021
15.11.2021
16.11.2021
17.11.2021
18.11.2021
19.11.2021
20.11.2021
21.11.2021
22.11.2021
23.11.2021
24.11.2021
25.11.2021
26.11.2021
27.11.2021
28.11.2021
29.11.2021
30.11.2021
01.12.2021
02.12.2021
03.12.2021
04.12.2021
05.12.2021
06.12.2021
07.12.2021
08.12.2021
09.12.2021
10.12.2021
11.12.2021
12.12.2021
13.12.2021
14.12.2021
15.12.2021
16.12.2021
17.12.2021
18.12.2021
19.12.2021
20.12.2021
21.12.2021
22.12.2021
23.12.2021
24.12.2021
25.12.2021
26.12.2021
27.12.2021
28.12.2021
29.12.2021
30.12.2021
31.12.2021
01.01.2022
02.01.2022
03.01.2022
04.01.2022
05.01.2022
06.01.2022
07.01.2022
08.01.2022
09.01.2022
10.01.2022
11.01.2022
12.01.2022
13.01.2022
14.01.2022
15.01.2022
16.01.2022
17.01.2022
18.01.2022
19.01.2022
20.01.2022
21.01.2022
22.01.2022
23.01.2022
24.01.2022
25.01.2022
26.01.2022
27.01.2022
28.01.2022
29.01.2022
30.01.2022
31.01.2022
01.02.2022
02.02.2022
03.02.2022
04.02.2022
05.02.2022
06.02.2022
07.02.2022
08.02.2022
09.02.2022
10.02.2022
11.02.2022
12.02.2022
13.02.2022
14.02.2022
15.02.2022
16.02.2022
17.02.2022
18.02.2022
19.02.2022
20.02.2022
21.02.2022
22.02.2022
23.02.2022
24.02.2022
25.02.2022
26.02.2022
27.02.2022
28.02.2022
01.03.2022
02.03.2022
03.03.2022
04.03.2022
05.03.2022
06.03.2022
07.03.2022
08.03.2022
09.03.2022
10.03.2022
11.03.2022
12.03.2022
13.03.2022
14.03.2022
15.03.2022
16.03.2022
17.03.2022
18.03.2022
19.03.2022
20.03.2022
21.03.2022
22.03.2022
23.03.2022
24.03.2022
25.03.2022
26.03.2022
27.03.2022
28.03.2022
29.03.2022
30.03.2022
31.03.2022
01.04.2022
02.04.2022
03.04.2022
04.04.2022
05.04.2022
06.04.2022
07.04.2022
08.04.2022
09.04.2022
10.04.2022
11.04.2022
12.04.2022
13.04.2022
14.04.2022
15.04.2022
16.04.2022
17.04.2022
18.04.2022
19.04.2022
20.04.2022
21.04.2022
22.04.2022
23.04.2022
24.04.2022
25.04.2022
26.04.2022
27.04.2022
28.04.2022
29.04.2022
30.04.2022
01.05.2022
02.05.2022
03.05.2022
04.05.2022
05.05.2022
06.05.2022
07.05.2022
08.05.2022
09.05.2022
10.05.2022
11.05.2022
12.05.2022
13.05.2022
14.05.2022
15.05.2022
16.05.2022
17.05.2022
18.05.2022
19.05.2022
20.05.2022
21.05.2022
22.05.2022
23.05.2022
24.05.2022
25.05.2022
26.05.2022
27.05.2022
28.05.2022
29.05.2022
30.05.2022
31.05.2022
01.06.2022
02.06.2022
03.06.2022
04.06.2022
05.06.2022
06.06.2022
07.06.2022
08.06.2022
09.06.2022
10.06.2022
11.06.2022
12.06.2022
13.06.2022
14.06.2022
15.06.2022
16.06.2022
17.06.2022
18.06.2022
19.06.2022
20.06.2022
21.06.2022
22.06.2022
23.06.2022
24.06.2022
25.06.2022
26.06.2022
27.06.2022
28.06.2022
29.06.2022
30.06.2022
01.07.2022
02.07.2022
03.07.2022
04.07.2022
05.07.2022
06.07.2022
07.07.2022
08.07.2022
09.07.2022
10.07.2022
11.07.2022
12.07.2022
13.07.2022
14.07.2022
15.07.2022
16.07.2022
17.07.2022
18.07.2022
19.07.2022
20.07.2022
21.07.2022
22.07.2022
23.07.2022
24.07.2022
25.07.2022
26.07.2022
27.07.2022
28.07.2022
29.07.2022
30.07.2022
31.07.2022
01.08.2022
02.08.2022
03.08.2022
04.08.2022
05.08.2022
06.08.2022
07.08.2022
08.08.2022
09.08.2022
10.08.2022
11.08.2022
12.08.2022
13.08.2022
14.08.2022
15.08.2022
16.08.2022
17.08.2022
18.08.2022
19.08.2022
20.08.2022
21.08.2022
22.08.2022
23.08.2022
24.08.2022
25.08.2022
26.08.2022
27.08.2022
28.08.2022
29.08.2022
30.08.2022
31.08.2022
01.09.2022
02.09.2022
03.09.2022
04.09.2022
05.09.2022
06.09.2022
07.09.2022
08.09.2022
09.09.2022
10.09.2022
11.09.2022
12.09.2022
13.09.2022
14.09.2022
15.09.2022
16.09.2022
17.09.2022
18.09.2022
19.09.2022
20.09.2022
21.09.2022
22.09.2022
23.09.2022
24.09.2022
25.09.2022
26.09.2022
27.09.2022
28.09.2022
29.09.2022
30.09.2022
01.10.2022
02.10.2022
03.10.2022
04.10.2022
05.10.2022
06.10.2022
07.10.2022
08.10.2022
09.10.2022
10.10.2022
11.10.2022
12.10.2022
13.10.2022
14.10.2022
15.10.2022
16.10.2022
17.10.2022
18.10.2022
19.10.2022
20.10.2022
21.10.2022
22.10.2022
23.10.2022
24.10.2022
25.10.2022
26.10.2022
27.10.2022
28.10.2022
29.10.2022
30.10.2022
31.10.2022
01.11.2022
02.11.2022
03.11.2022
04.11.2022
05.11.2022
06.11.2022
07.11.2022
08.11.2022
09.11.2022
10.11.2022
11.11.2022
12.11.2022
13.11.2022
14.11.2022
15.11.2022
16.11.2022
17.11.2022
18.11.2022
19.11.2022
20.11.2022
21.11.2022
22.11.2022
23.11.2022
24.11.2022
25.11.2022
26.11.2022
27.11.2022
28.11.2022
29.11.2022
30.11.2022
01.12.2022
02.12.2022
03.12.2022
04.12.2022
05.12.2022
06.12.2022
07.12.2022
08.12.2022
09.12.2022
10.12.2022
11.12.2022
12.12.2022
13.12.2022
14.12.2022
15.12.2022
16.12.2022
17.12.2022
18.12.2022
19.12.2022
20.12.2022
21.12.2022
22.12.2022
23.12.2022